100
12
0.1
contact

0.284115
-0.205507
1.06784
-0.3313
1.54001
-0.521122
1.07071
2.12763
0.377947
1.21486
1.23424
1.14371
3.45565
-2.82811
-1.40935
-1.05778
-0.489296
-0.784674
0.760717
-0.660137
-1.17094
0.294857
-0.0916032
1.60705
0.0939003
0.42007
-0.972018
-0.762788
-1.05357
0.496061
0.879409
-1.87785
-1.80133
3.0208
-0.882462
-3.09559
-0.762575
2.27095
-1.80875
0.114284
0.33759
-1.10058
-2.13644
-0.676676
1.28268
-2.04401
-1.0541
-0.242566
1.90674
0.893372

Final quantities:
7.65033
6.91665
4681.88