100
13
0.1
contact

-0.676503
0.0503289
0.705789
0.417907
1.61209
0.123699
-1.15774
0.057042
-1.91484
-1.6801
3.77695
-0.861565
-2.03569
-0.569472
0.22728
2.63027
-1.19758
0.333375
2.62784
-0.0198006
1.46435
0.370264
0.241038
0.674662
-1.88413
0.819286
0.353747
-0.806037
-1.09354
-0.942848
-1.58173
0.971618
-1.53252
0.861725
0.389492
1.10884
0.394479
-1.38984
2.80837
1.29262
-0.859959
2.28806
0.39283
0.406883
2.33625
2.43984
0.394221
0.694846
-0.250092
-1.14979
-1.24441
1.17884
0.972387
0.686825

Final quantities:
6.83693
6.22417
5346.03