100
14
0.1
contact

0.6817
-0.478772
0.703006
-0.755918
0.636124
-1.92553
0.957643
2.11418
1.18709
-1.04911
-1.34692
1.35625
-0.703411
-2.79847
-2.34343
-1.46716
0.87865
-1.9988
-2.05428
0.311792
0.0207277
-1.00783
0.464309
-0.394426
-1.62724
-0.695643
-0.28935
-0.0835911
0.561595
0.683628
2.03155
-0.587876
-0.153162
0.471014
0.374069
-2.15389
0.0293543
-1.38552
-0.784098
-1.56724
1.94166
-0.436162
0.109622
2.14142
-0.348227
-1.1365
1.13459
2.44145
-0.152989
3.30265
0.416467
0.165373
-2.32851
-0.332489
0.175368
1.71171
-0.20266
0.869812

Final quantities:
6.02186
5.55571
6081.87