100
15
0.1
contact

-0.295849
-0.840255
-2.70455
-1.38215
-0.530044
0.603254
-1.03823
-0.667951
1.26054
-0.936107
-1.03002
-1.48517
-0.156368
2.19654
-0.737896
-2.23809
-1.14097
0.735985
-1.54419
1.29641
-1.19656
-2.38418
1.71933
0.804195
0.825334
0.755127
1.0578
-1.54258
1.32695
-0.141488
0.0832319
-0.406381
-1.16455
0.492022
-0.363828
0.256259
0.668017
0.274402
0.485112
-2.21029
1.57808
0.213923
-0.451788
2.08932
0.076922
-0.448154
2.54165
1.97303
2.64823
1.33051
-0.117882
-2.46839
-1.51736
0.332195
-1.75332
-0.648986
0.359724
-0.540889
-0.141455
-1.34081
0.238951
-0.385732

Final quantities:
5.40182
4.99632
6869.61