100
16
0.1
contact

0.901476
1.3201
0.314123
0.87862
-0.458039
-0.752207
-0.602693
1.30256
-2.45812
0.219574
0.85267
-1.63566
-2.07851
1.31185
-0.0244215
1.84561
1.31543
2.60146
1.0396
-0.111576
1.59269
-2.05809
-0.755006
1.88861
-0.431909
1.54353
0.0349567
-0.541918
-1.39838
0.229311
2.0067
-0.140662
0.766667
1.1326
0.569118
1.44795
-0.987659
1.02862
0.444046
-0.61841
0.0632506
0.0148749
1.2754
0.0478971
-2.04591
0.303486
-2.69624
-0.668513
-1.58481
1.80505
-0.316978
1.75566
-1.59081
-1.39009
1.5147
-1.18604
0.407351
-0.129262
-1.09775
-1.56757
0.586208
-0.306683
1.34442
1.02219
0.750428
0.178673

Final quantities:
5.0368
4.72202
7730.49