100
17
0.1
contact

-0.40789
0.35058
-0.550619
-0.968803
0.449239
0.443365
-0.88847
1.93196
0.269365
-0.463423
-0.185898
1.69633
-1.4725
1.8942
2.06124
0.384015
0.63213
1.52569
-0.436108
1.0898
1.34036
1.40218
1.94802
-0.113924
-0.226057
-0.581572
1.22206
2.11043
1.13097
-1.01016
0.285551
0.452702
0.658006
-0.0281111
-0.314456
-1.10101
1.07533
0.530581
-0.458383
-0.856739
-1.02568
-0.209886
-2.33389
-0.255882
1.51477
-2.38565
1.67034
-0.140076
-1.42091
0.119123
-1.87205
-1.44367
1.03287
-0.408084
-1.3487
0.754554
2.37278
2.48543
0.11012
-2.30757
1.38063
0.671215
-0.983912
0.00218463
-0.141853
-1.6013
1.61673
0.843522
0.339022
-0.574632

Final quantities:
4.61046
4.31627
8624.89