100
21
0.1
contact

-0.215806
0.326956
0.699744
1.38568
1.06323
0.00465723
-1.57179
-0.597708
1.47302
1.32414
0.343738
-0.378214
0.455178
-0.433711
-0.244617
-0.990929
-0.596152
2.09612
-0.097447
-1.22478
-2.06305
-1.24664
-0.37943
1.68999
-1.22712
1.80448
-0.853497
0.242871
0.687839
0.681731
-0.426277
-0.946741
-0.869985
-0.199899
-2.10061
1.36598
1.92278
-0.727092
0.249573
-0.328953
0.761416
-0.738369
-0.78905
-1.0567
0.318953
0.720657
1.5657
-0.551703
0.0651748
-0.418519
-0.0235523
-0.981218
-0.984779
0.953683
1.65187
1.3044
0.095329
-0.835795
1.35958
-0.395492
-2.93773
-0.718124
1.44104
-1.62199
0.792828
2.16653
1.88647
-1.3375
-0.164701
0.368429
-0.0672548
-1.84464
0.0286526
-0.83623
0.276615
0.320792
0.83831
1.12737
-0.0834367
-1.77584
0.966876
0.106492
-0.329335
1.34839
-0.596958
-0.0952547

Final quantities:
3.41482
3.23298
12943.7