100
22
0.1
contact

0.299968
-0.551044
0.185324
0.70221
0.339655
-0.789948
0.0843902
-0.185529
-0.692136
1.30516
-0.714597
1.12832
-0.505463
-0.711912
-1.82224
0.576568
-1.46995
-1.26691
0.149486
-0.585205
1.17204
1.03843
-0.00466284
-1.15814
1.75531
1.28202
0.871358
1.30016
0.959355
0.653209
-1.39701
1.79991
0.932518
0.38714
-1.69023
-1.61095
1.05576
-0.703039
0.536461
0.458574
0.161777
0.282611
-0.385006
0.659355
0.476556
1.34311
0.740659
-0.887881
-1.69049
2.12953
-0.0480911
-0.181622
-1.70873
-1.25832
-1.16981
-0.239809
0.302544
0.345119
1.00306
-0.836864
0.777644
-0.499889
-0.112234
1.68014
-0.611423
-0.523992
0.960653
0.541201
0.870551
-1.57928
-2.74939
-1.55508
1.4848
2.3165
-0.830819
0.0177884
-1.15177
0.415696
-1.00196
-2.01362
1.28533
-0.581458
-1.97985
-0.0296045
-0.563259
0.14121
-0.132011
-0.283686
0.581923
0.287334

Final quantities:
3.25086
3.1175
14170.3