100
11
-0.0255006
custom
1

0.999689
0.952174
0.871412
0.785515
0.703407
0.628329
0.56117
0.50178
0.449569
0.403788
0.36367
0.328489
0.297591
0.2704
0.246411
0.225194
0.206375
0.189637
0.174707
0.161352
0.149373
0.1386
0.128884

0.0891664
-0.0994757
-0.0354428
0.0810354
-0.119024
0.33877
-0.430042
0.954436
-1.0677
1.66806
-2.20877
3.01698
-3.21408
2.83645
-2.31166
1.84316
-1.26444
0.852724
-0.767303
0.442713
-0.411706
0.184063
-0.114479
-0.203261
0.345133
-0.332591
0.634888
-0.607623
1.19499
-1.25759
1.87513
-2.16561
3.02092
-2.98047
2.90934
-2.15033
1.98175
-1.43087
0.821094
-0.465753
0.346572
-0.203988
-0.0181262
-0.0408154
-0.0894057
-0.0932297

   batch        P accept         n0 mean            +/-     n0 std dev          E mean            +/-      E std dev          P mean            +/-      P std dev
   total        0.497543         16.5337     0.00358943        1.29951        -1175.41      0.0220753        7.99208        0.534598      0.0255748        9.25902
