100
13
-0.0321474
custom
1

0.999689
0.952174
0.871412
0.785515
0.703407
0.628329
0.56117
0.50178
0.449569
0.403788
0.36367
0.328489
0.297591
0.2704
0.246411
0.225194
0.206375
0.189637
0.174707
0.161352
0.149373
0.1386
0.128884
0.120099
0.112136
0.104901
0.098312

-0.020991
-0.0763912
0.19086
-0.197813
0.259234
-0.156051
0.245229
-0.0546613
0.339821
-0.149682
-0.062433
0.168843
-0.535465
0.657524
-1.22126
1.06907
-1.11054
0.853085
-0.987754
0.710493
-0.433352
0.604819
-0.281
0.20855
-0.104204
0.204518
-0.107572
-0.153888
0.0322598
-0.139421
0.183486
-0.417573
0.550428
-0.822488
1.31177
-1.5805
2.29476
-2.73725
3.22947
-3.70087
3.84457
-3.26455
3.28073
-2.28947
1.99942
-1.45646
1.15579
-0.543593
0.552301
-0.362349
0.274261
-0.0865755
0.0179664
-0.103052

   batch        P accept         n0 mean            +/-     n0 std dev          E mean            +/-      E std dev          P mean            +/-      P std dev
   total         0.49868         14.2015     0.00277384        1.00423        -1695.28      0.0241898        8.75761      -0.0927935      0.0255934        9.26575
