100
8
-0.0168337
custom
1

0.999689
0.952174
0.871412
0.785515
0.703407
0.628329
0.56117
0.50178
0.449569
0.403788
0.36367
0.328489
0.297591
0.2704
0.246411
0.225194
0.206375

-0.327816
-0.249666
0.238673
0.667442
1.23303
-0.860326
-3.14684
-0.655414
4.4752
3.00763
-1.3889
-2.45466
-0.0753472
0.837439
0.425656
-0.0799196
-0.126527
-0.102732
0.121359
0.647546
0.189618
-1.33389
-2.00583
0.640895
4.10783
2.09263
-3.29825
-2.77228
0.173957
1.32942
0.402998
-0.358871
-0.409555
0.170332

   batch        P accept         n0 mean            +/-     n0 std dev          E mean            +/-      E std dev          P mean            +/-      P std dev
   total        0.500035         22.0226     0.00138864        1.96383        -592.446     0.00482216        6.81956       0.0257296     0.00649282        9.18223
