100
9
-0.0193014
custom
1

0.999689
0.952174
0.871412
0.785515
0.703407
0.628329
0.56117
0.50178
0.449569
0.403788
0.36367
0.328489
0.297591
0.2704
0.246411
0.225194
0.206375
0.189637
0.174707

-0.0531894
-0.0790673
-0.271522
-0.805947
-0.986797
-0.771052
0.787235
2.90537
4.10757
2.45829
-0.421549
-2.3955
-2.58208
-1.43589
-0.267758
0.334377
0.457755
0.3561
-0.0172932
-0.0634794
0.251177
0.318454
0.115419
-0.853679
-1.88156
-2.23412
-1.48772
1.40009
3.30148
4.04926
2.52125
0.055304
-1.35137
-0.938112
-0.717071
-0.12343
0.179427
0.135043

   batch        P accept         n0 mean            +/-     n0 std dev          E mean            +/-      E std dev          P mean            +/-      P std dev
   total        0.499903         19.9769     0.00119556        1.69078        -745.529     0.00510288        7.21657      -0.0284814     0.00653051        9.23553
