100
10
-0.0225109
custom
1

0.999689
0.952174
0.871412
0.785515
0.703407
0.628329
0.56117
0.50178
0.449569
0.403788
0.36367
0.328489
0.297591
0.2704
0.246411
0.225194
0.206375
0.189637
0.174707
0.161352
0.149373

0.039456
0.128021
0.286468
-0.362583
-0.683742
1.24638
1.11312
-2.44146
-1.33744
3.68581
0.915399
-3.67819
-0.392281
2.49407
0.0859858
-1.49816
0.106113
0.499894
-0.00242718
-0.247702
0.0697926
0.235719
0.220371
-0.28604
-0.471668
0.763573
0.650207
-1.78931
-1.24787
2.74947
1.27695
-4.38147
-0.658625
3.31835
0.103845
-2.15242
0.0103306
0.917311
0.0420581
-0.502301
0.0328104
0.327387

   batch        P accept         n0 mean            +/-     n0 std dev          E mean            +/-      E std dev          P mean            +/-      P std dev
   total        0.500066         18.0023     0.00101785        1.43946        -960.622      0.0054008        7.63788      -0.0895736     0.00652241        9.22408
