100
13
0.5
contact

-0.186941
-1.34299
0.950184
-0.378652
-1.22573
-2.42343
-1.48808
-2.30743
2.41526
0.838816
2.30892
1.77244
0.92404
-2.96955
-0.748863
1.02348
-2.22882
-0.430425
1.54619
-0.686641
-0.664298
-0.520906
-1.21398
1.99644
0.104713
0.882346
-0.391186
0.697302
0.0993947
0.213773
0.437225
-0.65508
-0.684605
-1.44052
0.998821
0.353744
-1.13307
-1.3142
-1.907
-0.374277
-1.36761
-0.68268
-3.03876
-1.77847
0.849909
-0.35516
0.835425
-0.751507
2.44501
-2.13197
-0.205834
1.25446
0.154112
0.396424

Final quantities:
7.17487
6.61809
10822.2