100
15
0.5
contact

-0.107061
-0.383532
0.151134
0.892473
1.43479
-1.84103
1.95164
1.46746
1.29643
-0.60756
0.30836
-1.0676
-0.467111
-0.862792
2.19824
0.603703
0.462608
1.05178
-0.851043
-2.42469
0.252473
1.46518
-0.854126
-0.603478
0.534897
-0.205823
0.426834
0.837063
-0.900469
-1.59774
0.597999
0.330463
-1.18863
0.763075
0.261831
0.807716
-1.87427
-0.274039
-0.365505
-1.14595
-2.11877
0.700605
-2.96167
0.598823
-1.7533
1.55451
1.84643
-1.17931
2.13964
-2.0003
0.960401
1.99892
0.917552
0.108152
-3.34476
-0.455318
1.18156
0.670034
1.20283
-0.182418
-0.80024
-0.188246

Final quantities:
5.72115
5.35861
12728.7