100
16
0.5
contact

-1.29584
-0.0357913
0.261324
-0.499291
-0.589111
0.635131
0.296155
0.75346
1.44096
0.944819
0.657922
0.302861
0.554794
-1.51535
-2.14092
-3.2987
0.769384
1.08218
-0.628427
-0.855738
3.13146
0.315857
-0.922625
-0.624229
1.4734
0.851641
1.36231
-0.333538
2.62209
-0.24845
0.379628
0.863211
-1.17962
1.22444
-0.501327
0.167601
0.861574
2.42937
-0.182744
-0.921761
-0.597708
0.0872038
-0.604947
1.07522
-1.83854
-1.86318
0.555271
-3.72473
-0.775109
0.175031
1.09008
-2.32683
-0.0121884
-1.17801
0.315516
0.572796
-0.186003
1.24363
0.447385
-1.74009
-0.36789
0.333468
0.454647
0.11886
0.559508
0.223276

Final quantities:
5.15353
4.86333
13752.1