100
17
0.5
contact

0.417564
-1.31614
-0.270381
-0.190412
-0.484704
0.0845507
-1.05094
1.61784
1.28335
-0.0160246
0.197376
-1.22581
-1.44066
0.696629
0.116567
-0.253235
2.87505
-0.793779
-2.44593
-0.923332
1.72278
-0.183577
0.275981
0.0606967
1.23337
-2.42803
-0.548881
0.0339766
-1.44174
0.201953
0.0184454
2.0136
0.144313
-1.05118
-1.82547
-0.177737
-0.836052
0.124128
1.34062
1.49459
1.78882
-1.19723
0.431424
-0.705978
1.38506
2.15664
-2.11878
-2.11139
1.19457
0.185617
0.239797
-2.3366
0.922634
-2.72572
0.304723
-0.755129
0.464758
0.771405
1.21928
-0.180662
0.180253
-0.0524741
-0.245003
-1.27601
-1.33674
-0.689023
-0.104078
-0.727593
-0.527493
1.53646

Final quantities:
4.69598
4.44522
14825.3