100
18
0.5
contact

-0.171127
-1.28171
0.357061
0.139679
-1.17366
-0.00662984
-0.504798
1.64151
-1.92671
-0.697676
-0.459064
0.602856
-0.215084
-1.92422
1.19336
-2.28264
-1.96379
-0.0392681
0.417079
-2.35782
1.69365
0.673852
1.32878
-1.82268
0.649894
-2.01356
-1.29447
-0.044749
-0.064551
1.19163
0.49051
-1.34383
-1.31042
-1.04777
0.0905596
1.20624
-1.02404
-0.530822
1.33457
1.36424
0.4815
-1.04623
-0.713302
0.224858
0.0957637
-2.5791
1.06213
0.320184
1.18816
0.828411
0.0247871
-0.0254097
-0.775153
0.321698
-1.95831
-0.163281
0.406883
-2.6945
-0.228082
-2.49304
-0.0404644
-1.16837
-1.19896
-0.631112
-0.848411
2.08381
0.624104
0.0046689
1.34394
-0.53524
0.220973
-0.868099
0.366042
-0.0303278

Final quantities:
4.33554
4.10775
15939.4