100
19
0.5
contact

-0.178113
0.0573583
0.208756
0.18664
-1.59576
-1.46797
-0.436004
0.397576
-1.3304
-0.349271
0.53297
-0.695876
0.256095
-0.264156
1.43157
-0.991916
-0.998926
0.0232916
-1.45898
-2.49116
-0.772741
-0.846352
-1.31978
2.2062
0.149263
0.690676
1.07673
-1.76892
0.280094
0.1261
0.529004
-0.522595
-0.448138
-0.947584
-0.250584
0.183156
0.240618
-1.49997
0.817499
0.177115
-0.270257
1.19995
0.980641
-0.342758
-0.674326
-1.1378
-0.855468
0.549163
-1.41258
-2.74831
0.383544
0.169787
-1.81614
-1.86433
0.479625
3.1567
0.526068
-0.206572
-1.31077
-1.24839
1.18157
-1.90773
-1.19659
-1.62649
-2.76224
-0.462335
-0.998562
0.0455038
0.882315
-0.928018
0.346155
0.216309
0.0134109
-1.89902
0.507412
1.17372
0.350618
1.15073

Final quantities:
4.0228
3.82449
17114.6