100
22
0.5
contact

0.611014
-0.51173
-0.117751
-0.64468
0.100352
0.159644
1.03555
-0.426563
-0.244654
0.262018
0.0958883
0.0569973
2.04299
0.1516
-0.712181
-0.27515
-1.76151
0.286491
0.459527
-0.432167
2.79343
-0.659784
-0.111969
-0.935549
-0.0561736
0.044516
-1.84553
-0.240093
-0.32889
0.0762184
-1.29163
0.759429
-1.85332
0.668209
2.12303
-0.736924
0.612529
-0.206457
0.973326
0.505374
0.265311
0.437517
-0.497895
-0.910004
-0.739698
0.06915
1.42966
0.881592
-0.898921
-0.936428
-1.18777
1.33026
-0.289302
-0.0500577
-2.32116
1.28783
-0.256845
-1.63757
-1.45529
0.405623
1.0817
-0.0879566
0.600099
0.675
1.42146
3.82921
-0.0373266
0.262072
0.842377
-1.90546
1.21792
-0.61139
-1.03622
-1.20927
1.13426
-0.256025
1.54802
-0.216437
0.233062
0.990098
0.499681
0.760058
0.0193422
0.838315
0.931394
0.282946
1.72262
-0.905201
0.00159143
-1.82248

Final quantities:
3.27966
3.14319
20947.4