100
10
0.5
contact

-0.624221
0.422532
0.919889
-0.35154
-0.599976
-1.0122
-0.0467996
-3.22985
-3.04358
-0.329556
-0.926551
1.07745
-1.77956
2.11019
-2.37388
-1.61799
0.296352
0.694394
0.321678
-0.569722
1.08819
0.166463
-0.148694
-0.463422
1.66151
0.141803
-0.866981
-3.09976
-1.92339
1.41639
-1.62221
-3.13285
3.86549
-0.474495
-1.6448
1.21458
0.951236
-0.282238
1.53037
-1.35048
0.914299
-0.552667

   batch        P accept         n0 mean            +/-     n0 std dev          E mean            +/-      E std dev          P mean            +/-      P std dev
   total        0.499495         11.5158     0.00724383        10.2443         8306.97       0.436717        617.611        0.201695      0.0556215        78.6607
