100
12
0.5
contact

0.60247
-0.723888
0.631168
0.286456
0.176746
-1.27717
1.66859
-0.503414
1.44528
3.00026
1.29963
-0.876341
2.19991
-2.40143
-4.23463
-0.566699
-0.600842
0.510278
-0.962183
-0.206304
1.47464
-1.77864
0.523568
0.50679
0.947177
-0.474776
0.523614
-0.788664
-2.14472
-0.37642
0.325308
1.10542
1.80692
0.0421063
-4.0893
0.234956
-0.10259
0.519778
-0.715928
-0.452012
-2.11634
-1.10043
-0.900373
-0.467198
-0.951714
1.33509
-1.94098
-0.434504
-0.121406
-1.24854

   batch        P accept         n0 mean            +/-     n0 std dev          E mean            +/-      E std dev          P mean            +/-      P std dev
   total        0.500286         8.23168     0.00534438         7.5581         9937.99       0.572363        809.443        0.400714      0.0644962        91.2114
