100
14
0.5
contact

0.438566
-0.641997
0.0384925
0.87575
-0.813808
-0.0999726
2.68044
-0.840642
1.33999
0.273052
1.01646
-1.84929
-0.0614247
4.61391
1.93104
0.919139
-0.155914
0.901523
1.01447
0.802953
1.69792
-2.04766
0.1685
-1.07774
1.11552
-0.809962
-1.45437
1.3516
-0.233398
-0.3964
-0.946397
0.358216
1.88654
0.522689
-0.684626
0.780883
1.4585
-1.47501
-0.339028
-1.33845
-1.99192
1.73148
2.08601
-0.00828428
2.1187
0.361048
-1.30775
-0.0834643
0.89828
-0.585463
0.839327
-0.601012
2.30154
0.675822
0.389699
0.461708
-1.33277
-1.06561

   batch        P accept         n0 mean            +/-     n0 std dev          E mean            +/-      E std dev          P mean            +/-      P std dev
   total        0.500197         6.32346     0.00416553        5.89095         11754.3       0.714474        1010.42       -0.372253      0.0732245        103.555
