100
15
0.5
contact

0.37116
0.0669977
-0.747585
-0.459862
1.12341
0.613445
-2.45222
-1.44421
0.598276
0.027184
1.16534
-1.0905
-0.575705
-1.595
2.22592
-1.96758
-1.74026
1.88599
0.841926
-0.684887
1.28961
-3.9514
-0.365543
-0.912539
-1.56769
-0.759215
-0.426587
0.489615
-0.806291
0.113196
0.33129
-0.157854
-0.39143
-1.46127
0.43955
0.707031
-1.07992
0.518861
-1.75526
0.64148
0.29324
-1.00912
-2.2221
1.95107
-2.78362
-0.242658
1.54238
2.0376
-1.39569
1.65298
0.795483
-0.705074
-1.06919
0.673945
-0.688188
0.390283
1.01465
-0.563326
0.297459
-1.4733
0.015835
-0.864086

   batch        P accept         n0 mean            +/-     n0 std dev          E mean            +/-      E std dev          P mean            +/-      P std dev
   total        0.499831          5.6823     0.00378904        5.35851         12728.1       0.786401        1112.14      -0.0886062      0.0770557        108.973
