100
17
0.5
contact

-0.100725
0.0598857
0.480347
-0.972487
0.258389
0.926054
2.45744
0.086339
-0.0481599
-0.811939
-2.05793
-0.0128378
2.49552
0.785734
0.685467
-0.824577
0.0270758
1.30144
-1.23877
-0.00461357
1.22282
-0.294355
-1.71225
-0.525317
2.41797
1.47951
-2.28511
-0.634735
-0.442529
-0.31558
1.67949
0.375029
-1.19798
0.131421
1.90461
0.999633
-0.946936
1.0507
1.66525
-0.161649
0.82349
-0.181293
0.0376834
-0.861742
1.19073
-0.552892
0.333615
2.71081
0.907792
2.22707
-0.55816
1.27313
-1.40732
3.45644
0.525854
-1.13558
-0.645629
-2.25061
-0.813669
-0.749884
0.284577
0.227735
-1.11748
0.293469
0.14054
-0.262957
0.724776
-0.587395
0.224322
-0.317227

   batch        P accept         n0 mean            +/-     n0 std dev          E mean            +/-      E std dev          P mean            +/-      P std dev
   total        0.499704         4.72271     0.00314534        4.44819         14814.8       0.937215        1325.42        0.509962       0.084642        119.702
