100
20
0.5
contact

-0.966359
-0.268052
0.496284
0.415669
0.660549
-1.39249
0.773392
0.897227
-0.116481
1.7856
1.3858
-0.0726156
-1.47085
-1.4039
-1.42215
-0.094863
1.86409
-0.497039
-1.12292
-1.62139
0.81798
1.67618
-0.963201
-0.538093
-1.22831
-0.977109
0.145884
-1.66666
-0.325274
0.474496
-0.659652
1.15498
0.0631228
1.31995
-0.913108
-1.21546
0.199519
-0.610343
1.49773
1.11798
-0.605879
-0.623043
1.20762
0.251192
-0.235505
-0.720406
0.500147
-0.346707
-0.923083
-1.3958
-0.282638
-1.95458
-1.51331
-0.844136
0.060533
0.342945
-2.82965
-0.0556033
0.591385
-0.467733
2.4671
0.806351
-0.138965
-2.56663
1.65922
-0.976953
1.44803
-0.0529331
-1.93118
-0.65669
-0.033625
-0.149781
1.53419
-1.47201
1.79275
1.30395
0.897296
0.147779
0.777582
-0.0122886
0.0747125
-0.196183

   batch        P accept         n0 mean            +/-     n0 std dev          E mean            +/-      E std dev          P mean            +/-      P std dev
   total        0.500208         3.71533     0.00250755        3.54621         18343.3        1.18336        1673.52       -0.205456       0.095711        135.356
