100
23
0.5
contact

1.19307
-2.32055
-0.320593
0.770589
-0.108877
0.637072
0.382966
0.58285
-0.751087
0.029726
-1.00127
-0.853234
0.0948612
-1.00652
-1.50446
0.0447873
0.191764
0.0783173
1.51107
1.03721
-0.577952
-1.38608
1.3262
-0.0322942
1.39053
-0.77666
4.05959
-0.55819
1.26853
0.6484
-0.675004
0.318093
0.620317
-1.01462
0.805567
-1.60158
-0.0945875
1.32946
1.17052
-0.20725
-0.976079
0.120003
-0.0318435
1.3064
-0.0702978
-0.465461
0.11796
-0.719635
-0.729735
-0.690704
-0.492304
0.0541724
0.0961469
0.796279
0.83767
0.602347
-0.942149
1.03676
1.13286
-1.82053
0.194958
1.25895
-0.756213
0.352772
1.83667
-0.565773
0.445531
-2.06389
-0.72727
1.33353
0.253688
0.74077
-1.15986
-0.118383
0.127646
0.135775
-1.80519
0.821637
-2.16044
-1.85979
-0.265154
-0.554496
-0.971722
0.34151
0.43765
-1.87467
0.837186
0.566943
1.00106
0.366349
-0.161073
0.647534
0.678113
-0.923706

   batch        P accept         n0 mean            +/-     n0 std dev          E mean            +/-      E std dev          P mean            +/-      P std dev
   total        0.500143         3.09081     0.00209573        2.96381         22343.4         1.4492        2049.48        0.424793        0.10571        149.496
