100
5
0.5
contact
1

0.317373
0.0333148
-1.0823
-2.27588
0.91629
3.76155
-1.49583
-2.55616
-0.86308
-0.331265
0.275016
0.449941
-0.59517
-1.39551
-0.462867
-1.32033
-7.8261
0.992687
-1.08326
0.597209
0.50287
0.615436

   batch        P accept         n0 mean            +/-     n0 std dev          E mean            +/-      E std dev          P mean            +/-      P std dev
   total        0.499988         53.0427     0.00571754        25.5696         5435.34       0.031653        141.557        -0.74684     0.00826124        36.9454

    mode      occupation             +/-         std dev
      -5        0.746048     0.000171659        0.767681
      -4         1.19645     0.000275835         1.23357
      -3         2.12374     0.000497298         2.22398
      -2         4.57379      0.00111453         4.98431
      -1         15.1211      0.00378754         16.9384
       0         53.0427      0.00571754         25.5696
       1         14.6569      0.00366865         16.4067
       2         4.52559      0.00110319         4.93361
       3         2.09491     0.000488184         2.18322
       4         1.17808     0.000270136         1.20808
       5        0.740794     0.000170306        0.761633
