100
11
0.5
contact

-1.05781
-0.988406
-0.240826
-0.219285
-0.380954
0.468902
-0.518368
-0.560539
1.89056
-0.631625
3.36365
-0.971099
-1.26411
-2.50734
0.303936
1.06451
-3.46867
-0.362327
-0.207989
0.826906
-1.76129
0.516519
1.14003
0.0389763
-1.12206
1.03363
-0.120574
-1.67419
1.81766
-0.696255
-2.14985
-2.30124
-2.94362
-3.52601
0.278689
1.5459
2.66491
-0.207713
0.949206
1.10348
0.470993
0.24479
0.497371
-0.370081
0.719268
-1.0422

   batch        P accept         n0 mean            +/-     n0 std dev          E mean            +/-      E std dev          P mean            +/-      P std dev
   total         0.50025          9.6293     0.00614273        8.68713          9100.3       0.505374        714.707        0.314477      0.0601516        85.0671
