100
13
0.5
contact

-0.17723
-0.146506
-1.8831
-0.0788708
0.119639
-1.33537
0.895555
-1.80199
0.783213
-0.936321
0.22472
4.221
-1.68751
-0.896192
-0.908378
-2.73074
-1.13993
-0.154947
-1.34214
-1.92506
0.118997
-1.82821
0.163327
0.406784
-1.38987
-0.336962
0.637864
-0.127656
-0.980132
-0.370472
-1.0609
-0.158542
-0.749914
1.58964
-0.708156
1.54135
1.10197
-2.94907
-1.18958
-2.01313
1.21642
-0.0276628
2.87196
0.347649
-0.357981
1.52779
-1.45157
-1.27639
-2.04471
0.770753
0.317839
-0.68356
-0.341007
-1.14382

   batch        P accept         n0 mean            +/-     n0 std dev          E mean            +/-      E std dev          P mean            +/-      P std dev
   total        0.500236         7.08232     0.00463364        6.55296         10821.3       0.639376        904.214       0.0144949      0.0689015        97.4414
