100
14
0.5
contact

1.05641
0.648525
-0.129072
-0.697143
1.61203
-1.92363
-1.46016
-1.62103
2.02149
0.724616
-0.59281
0.576994
2.6884
-1.41356
2.17887
-1.22797
-1.01989
3.23398
0.0273776
1.12958
0.469913
0.447086
0.114323
-1.60424
-1.16992
1.10114
0.357196
0.558862
-0.351672
0.056632
0.0542324
1.77023
0.255881
1.6495
0.14994
0.031826
0.808146
-1.98808
-0.769524
0.525771
1.41965
-0.713642
0.527881
-1.14121
1.18393
2.25381
1.42515
3.26234
-1.64836
-1.53394
-0.579857
0.293061
-0.862228
-1.80855
-0.190622
0.628545
0.823259
1.3773

Final quantities:
6.2563
5.81162
11753.3