100
16
0.5
contact

-0.216441
-1.10905
1.28509
1.28344
0.383283
0.353996
0.530508
-0.244868
-1.92875
-0.715259
-1.64913
0.402933
0.270731
1.02529
-2.90204
0.483354
2.22054
-1.492
0.9655
-2.40722
0.79963
-1.97841
1.62023
-0.360447
0.362741
1.32293
-0.362604
-0.126461
-1.15925
-0.519485
-1.74237
0.131746
-0.298962
0.000158721
0.173741
0.0132452
0.305716
-0.99269
1.02537
1.25546
1.3964
-0.411932
0.505029
-0.307748
-0.612011
2.66558
-1.28096
-3.57156
-2.1987
-0.776891
1.80753
-0.640714
0.702268
0.476489
-1.59095
-1.11128
-0.0111674
1.28226
0.707805
-1.32579
0.231094
-0.755301
0.320811
-0.756686
1.07294
-1.37876

Final quantities:
5.10278
4.72849
13765.8