100
18
0.5
contact

-0.333221
-0.494396
-0.399703
1.5099
2.55217
0.0235616
-0.0305104
-0.342153
-0.322734
0.221692
2.41027
0.191483
-2.77695
0.313917
-1.88376
-0.630864
0.621206
-0.4083
0.955836
0.930259
0.853766
2.85218
-4.01085
0.9653
2.37468
1.24309
0.657421
0.650183
0.260327
-1.12364
-0.307001
-1.25076
0.336351
0.41713
0.159122
-0.263782
-0.755309
-0.39917
0.0266311
-0.938298
-1.44801
0.0150506
0.553472
0.390856
-0.584693
0.0145602
0.0627654
0.315375
0.867205
2.02302
-1.80242
0.568568
1.7361
-0.230466
0.714186
-1.27241
1.21978
0.226954
-0.013995
0.300411
-0.109421
-0.829799
-1.62273
0.732079
-0.854248
-0.729443
0.905485
1.13046
1.03105
-0.212248
0.850796
-1.07459
1.48629
-0.955052

   batch        P accept         n0 mean            +/-     n0 std dev          E mean            +/-      E std dev          P mean            +/-      P std dev
   total        0.500124          4.3304      0.0029211        4.13106         15946.8        1.01844         1440.3      -0.0168568      0.0885501        125.229
