100
19
0.5
contact

-0.189531
-1.11174
0.315099
0.641684
0.129024
1.75008
-0.656422
1.65558
0.634494
-0.496259
-1.10766
-0.33052
-1.12249
-0.914554
0.186764
3.41341
1.36704
1.02781
-0.409914
-0.876492
1.49574
-0.392148
0.708485
2.71648
0.316251
-0.160018
1.86231
0.642042
-0.128185
-0.554663
1.2979
1.0775
-0.308961
-1.05445
0.723627
-0.758905
0.737378
0.111151
1.80932
-0.921584
0.890036
0.822072
1.03066
1.53871
-0.220377
0.0207089
0.220375
-0.20886
-0.144079
1.72517
-0.932952
-2.94638
0.368059
0.571706
1.3893
1.22507
0.599129
-0.0453016
-1.59863
2.52689
0.331006
-1.05364
0.355582
0.187301
0.0598009
-2.33704
0.171229
-0.701768
0.74384
-0.645211
0.814745
0.788784
1.45121
0.451284
-1.08955
1.41022
0.503721
1.32552

Final quantities:
3.97885
3.77314
17125.8