100
21
0.5
contact

-0.775995
-0.361904
-0.595641
0.684723
-0.658005
-0.334021
1.39469
-0.961138
0.0268284
0.374842
-0.318199
-1.27053
2.88593
-0.0401651
0.656489
-1.4373
-1.06256
-1.48176
-1.33267
-0.452813
-0.432843
0.483445
1.32551
-0.690293
-1.96191
-0.0911941
0.306417
-0.474407
-0.658036
2.41722
1.41049
-1.22344
0.243828
1.63687
-0.27515
-0.78802
0.294206
0.012968
0.0233504
0.407283
0.0295216
0.0722129
0.763451
0.117375
-1.40839
-0.960763
0.0949999
1.02646
0.748917
-0.320095
1.81836
0.761235
-0.56125
-0.589765
-1.28334
-0.115697
-1.22488
1.35659
-0.0963669
-0.441742
2.0699
-1.96731
-1.23367
-1.87429
0.62249
1.56028
-1.59514
-0.926904
-1.65037
0.962718
0.0897094
-0.107894
-1.71336
-0.358379
1.14704
-0.107117
-0.107838
0.709576
-2.86873
1.399
0.838425
0.700809
-1.36913
-0.150784
-0.554885
-0.437138

   batch        P accept         n0 mean            +/-     n0 std dev          E mean            +/-      E std dev          P mean            +/-      P std dev
   total        0.499738         3.49145      0.0023632        3.34207         19611.7        1.26664         1791.3      -0.0660405      0.0987504        139.654
