100
22
0.5
contact

-1.02453
0.282507
0.199851
-0.0331705
-1.13182
0.553457
-0.871453
1.33386
-2.75205
0.1711
-0.3785
0.340271
-0.422045
-1.79428
1.39867
-0.0872656
0.281075
0.778007
-0.266669
0.113939
-1.33586
1.84104
-2.40613
-0.635401
0.425294
-2.50707
-1.01549
-1.06035
1.03847
0.294539
-0.626956
-0.090569
0.122989
-1.23632
-1.0464
1.66529
0.383396
0.27957
0.710764
0.583506
-2.16098
0.720287
-0.643361
-0.0979737
1.05145
-1.18141
1.15014
-0.470676
0.211841
-0.410726
-0.496515
-0.500322
-0.465412
1.40634
1.51063
-0.643702
0.428425
-0.109451
0.20195
2.19237
0.610993
0.212303
-0.264545
-0.930632
1.30641
-1.99117
-0.748146
-1.50646
0.506067
-0.815235
1.00265
-2.55218
-0.159875
1.15693
-0.753916
-1.4306
-0.263943
-0.559231
-1.17149
0.964247
-0.57464
-1.25537
0.423051
1.44258
-0.958504
0.13495
-1.46305
0.343176
0.034608
0.225573

   batch        P accept         n0 mean            +/-     n0 std dev          E mean            +/-      E std dev          P mean            +/-      P std dev
   total        0.500081         3.27725     0.00221989         3.1394         20953.2         1.3561        1917.82       -0.318091       0.102478        144.926
