100
24
0.5
contact

1.20069
-0.799887
0.40288
1.309
0.892098
0.252408
-0.743747
1.10047
0.678968
-0.243031
0.147429
0.134346
-0.907905
0.541703
-0.353922
-1.8992
1.4299
0.404092
-1.52879
-0.432079
0.189781
0.583803
1.24457
-1.03007
0.211157
0.253556
-2.16693
-1.02015
-0.215597
1.00678
1.04748
1.59528
0.120487
-1.11537
-2.19658
1.27019
-0.0468303
-0.228161
-1.08505
1.30629
-0.610204
0.722886
1.56731
0.838244
-1.03623
-0.66713
0.306414
1.01142
1.2058
-1.21849
0.307696
-1.23489
0.103534
-0.309928
-0.265538
-0.437296
-0.337049
0.519887
0.0479252
0.358503
1.81848
1.68273
0.198694
2.23611
0.569593
-0.0408919
-0.943217
-2.49008
0.857305
0.320027
1.93901
0.02671
1.56869
-0.311779
-0.47486
2.64596
-1.15169
0.162903
-0.188891
0.967068
-1.76129
-0.307421
0.489111
1.16966
-0.279678
-0.393434
1.06242
0.541669
1.25218
-0.689963
0.533338
0.668116
-0.352995
-0.01127
0.399331
1.1141
-0.917631
0.273634

   batch        P accept         n0 mean            +/-     n0 std dev          E mean            +/-      E std dev          P mean            +/-      P std dev
   total        0.500012         2.91558     0.00197963        2.79961         23777.5        1.54185         2180.5       -0.109662       0.108809         153.88
