100
25
0.5
contact

-0.186402
-1.17967
-1.11811
0.468326
1.0097
0.762711
-1.28285
-0.48091
0.718338
0.166947
1.10759
-0.15258
-0.453955
1.49229
1.34796
0.75682
1.02904
0.096386
1.61019
0.72422
1.45946
-1.06673
-1.88681
-1.29509
-1.04686
1.65584
0.171986
-0.745342
-1.54978
-0.647684
-0.357831
0.106786
0.818497
-0.776372
0.390158
-0.166626
0.736197
-0.482825
-1.90488
-1.12147
0.0281851
2.17502
-0.893698
-0.615316
0.108986
2.20814
-1.11181
0.0560663
-0.283002
1.2981
0.197434
0.668771
-0.187803
-0.23544
0.475481
-0.144772
0.0817631
-0.747662
0.49215
-1.93294
-0.347636
-0.347145
-1.46708
0.211716
0.983715
-0.440234
0.10511
0.919692
-1.1552
-0.102654
-1.38614
0.0763892
-2.61878
1.21533
-2.3002
0.0434528
1.32636
-0.461649
2.6325
0.252823
0.728312
-0.0469884
0.8539
1.42013
0.712518
1.10329
0.272196
-0.656451
-0.22213
0.431689
-0.759629
-0.247823
1.20646
0.704199
-0.282877
0.679229
-0.687583
0.695625
0.617045
0.0741367
0.274597
-0.186106

   batch        P accept         n0 mean            +/-     n0 std dev          E mean            +/-      E std dev          P mean            +/-      P std dev
   total        0.500066         2.76644     0.00187992        2.65861         25285.9        1.63337        2309.93       -0.395671       0.111852        158.182
