100
17
-0.0108054
contact

-0.00601364
0.355505
1.37261
-0.451439
-1.10983
0.475951
0.795541
0.494311
1.69666
-0.40307
-0.652258
-1.03381
-1.91853
-0.504543
0.307133
-0.408216
0.547941
-0.987043
0.651031
-4.38715
-2.0126
-1.32798
0.446389
-0.552137
-0.0364725
0.873899
-0.270281
-0.967107
-0.663192
-0.258617
-0.964844
0.465814
0.676024
-0.768793
-0.0398101
-0.376912
-0.335779
-0.478166
0.550431
-0.175585
-1.07366
0.293266
-1.38617
-1.38604
0.385336
0.0779761
-0.632532
-1.44224
2.32746
3.01993
-0.574781
-0.0793811
0.969344
-3.5745
0.67513
2.2349
0.312241
1.22823
-1.20301
1.97729
1.37104
-0.0465321
0.297299
-1.28265
-0.643336
0.970832
-0.128751
0.429757
0.349774
-0.380434

   batch        P accept         n0 mean            +/-     n0 std dev          E mean            +/-      E std dev          P mean            +/-      P std dev
   total        0.499889         8.09414     0.00500743        7.08157         3818.32       0.469007        663.276      0.00886383      0.0591402        83.6368
