100
18
-0.0108054
contact

-0.146491
-0.0942932
-0.892827
0.754201
1.20805
-1.77358
0.820139
-0.107612
1.27489
-0.677803
0.569256
1.47052
0.905836
-1.5905
-0.380973
0.123811
-1.7656
-2.05011
2.79598
-1.9575
0.0852739
-1.44658
-2.57704
-0.605038
3.08492
-0.675015
-0.56734
-0.586403
-0.0713423
0.207761
1.99031
0.0994436
0.50046
1.07284
-0.259049
0.167845
0.0807226
-0.503826
0.838341
-0.0979024
-0.478614
1.05026
0.573462
-0.148194
1.22235
0.00186245
0.57907
1.40294
-0.82166
0.746558
1.17748
-0.200654
0.404291
1.35396
-3.34888
1.17861
-0.319742
-2.57824
-1.04619
1.91435
-1.07847
-1.01354
-0.209911
0.310672
-0.343847
0.79869
0.413612
-0.711558
0.0395521
1.31843
0.146009
0.323534
0.294269
0.25016

   batch        P accept         n0 mean            +/-     n0 std dev          E mean            +/-      E std dev          P mean            +/-      P std dev
   total        0.500039         7.06797     0.00443423        6.27095         4679.38       0.556825        787.469       -0.171853      0.0638335        90.2742
