100
19
-0.0108054
contact

0.907646
-0.637543
0.514777
0.491879
0.11686
0.155013
0.703623
0.504796
-1.08064
-0.52039
1.91131
1.03206
-1.12889
0.335586
1.74777
-2.30241
0.552698
1.8058
-0.660431
0.878277
-1.35848
0.880368
1.63042
-1.29059
-0.317488
1.4179
-0.615352
0.0526888
-1.28323
-0.735501
0.153216
-0.0155435
-0.719282
1.05278
0.152762
0.953629
0.247115
0.755939
0.212274
0.0436401
-0.489437
-1.68959
0.15496
-0.298818
-0.32302
-0.500579
0.0874912
1.67736
0.77561
-1.37095
0.418413
0.359841
1.2044
0.392171
1.18122
0.62848
0.213262
-0.887022
3.91276
-3.16158
-0.60766
-1.88559
-0.974363
-0.0628883
-3.04497
-0.482826
-1.37029
0.736838
-1.60329
1.0112
-0.488431
-0.429229
0.981952
-0.350921
-0.844332
0.525924
-0.429278
0.364751

   batch        P accept         n0 mean            +/-     n0 std dev          E mean            +/-      E std dev          P mean            +/-      P std dev
   total        0.500414         6.19344     0.00395912        5.59904          5625.4       0.643698        910.326       -0.226531      0.0690921         97.711
