100
20
-0.0108054
contact

0.141811
-0.187615
0.556122
-0.120781
0.014788
0.0602403
1.13177
1.58274
-0.600829
1.77435
0.324865
-2.33166
0.0918695
0.205604
0.741458
-0.17947
1.54204
-0.231283
-1.3973
-0.252747
-0.239526
0.52055
0.805649
-0.628721
-3.00126
2.86949
0.636201
-0.713086
1.09337
0.552758
-0.6487
0.205962
-0.0352885
-0.0465474
0.000708138
-0.119761
-0.606862
0.422513
0.593961
-0.973589
0.0672977
0.137522
0.603113
-0.748848
0.57704
-0.197869
0.204358
1.39895
-0.524481
-0.925897
1.37445
-0.870628
1.37992
1.5805
-0.460541
0.55873
-0.383271
-2.30844
1.42931
-0.252394
-1.9394
-3.31073
-2.3077
-0.40653
-0.871137
0.658131
0.679759
-1.28566
1.45419
-2.10085
-0.209405
-0.0917956
-1.23162
0.30869
-0.740001
2.1221
-0.927482
-0.503439
0.446474
0.0199944
0.474815
-0.657655

   batch        P accept         n0 mean            +/-     n0 std dev          E mean            +/-      E std dev          P mean            +/-      P std dev
   total        0.500131         5.51356     0.00357157        5.05097         6644.11       0.736131        1041.05       -0.135838      0.0735632        104.034
