100
21
-0.0108054
contact

-0.400419
0.587937
-0.0690654
1.38609
0.508464
-0.0703019
-0.786278
-0.714256
-0.101204
0.519334
-1.09775
-0.67507
-0.582945
-0.621378
-0.363314
-0.575403
-3.41819
-0.396136
-1.76903
2.75364
2.02957
0.140626
0.623108
0.95449
-2.15131
-1.71996
1.76617
-0.31201
0.834321
1.31981
-0.0846364
0.134624
-1.10406
0.0357135
0.33495
-1.2871
-0.822453
1.39071
-0.0614161
0.672368
0.958557
-0.135944
-0.768855
-0.0804732
-0.0372261
0.628269
-0.754755
-0.221349
-1.43403
-0.595779
0.9713
1.34292
0.954401
-0.117001
-0.374457
-0.240711
1.19939
0.905953
0.282558
-1.99621
-2.29409
-0.317376
-0.956924
-1.72214
0.179546
-0.661741
0.66501
-1.04322
-2.46855
-0.227294
1.44275
-1.81121
0.977691
-1.30874
0.26516
0.239114
0.184567
-1.1919
0.41315
0.476881
-0.0404592
0.835028
-0.0948749
-1.34912
-0.74308
0.31059

   batch        P accept         n0 mean            +/-     n0 std dev          E mean            +/-      E std dev          P mean            +/-      P std dev
   total        0.499874         4.96361     0.00323689        4.57766         7737.12       0.830484        1174.48       -0.414426      0.0782123        110.609
