100
22
-0.0108054
contact

-0.299561
-0.204117
-0.769893
-0.42323
-0.432968
0.594863
-0.339135
-0.414847
-0.962701
2.00578
-0.740649
0.439826
-0.557208
0.469032
-1.41388
-0.430202
2.02231
0.0741876
-0.740659
1.63137
2.6653
-0.668796
0.160251
0.697704
-1.42272
0.487141
-0.713527
-0.742601
-1.35627
1.7976
1.37273
-0.431116
1.44421
1.24692
-1.20863
-0.587371
-1.25258
-0.504742
-0.58011
-0.874583
0.765711
0.201374
0.231099
0.130694
-0.775915
1.26647
0.0540057
-0.698969
0.453696
-0.00255352
-1.2048
0.0208996
0.208535
0.633414
0.394068
1.23222
-1.92175
0.345069
-0.0725572
-0.664402
2.10674
0.057369
-0.608061
-2.66427
1.05329
0.183149
-1.70182
1.88087
1.63633
-0.603422
1.4348
-0.6167
1.4024
2.45398
-0.178407
-1.77237
0.0790216
0.921085
-0.374405
-0.70807
-0.998855
1.55044
-1.31121
0.327093
0.0256008
-0.12499
-0.850423
0.422113
-0.193118
0.648428

   batch        P accept         n0 mean            +/-     n0 std dev          E mean            +/-      E std dev          P mean            +/-      P std dev
   total        0.499789         4.51189     0.00298754        4.22502         8906.94       0.930988        1316.61        0.017238       0.082526        116.709
