100
23
-0.0108054
contact

-1.41684
-0.0428345
-1.34495
0.332369
-0.369621
-0.202078
1.14997
0.320586
0.755865
1.77392
0.905262
-0.917309
-0.774581
0.303608
-0.173309
-2.76916
-1.25647
0.523815
0.805363
-0.060272
-0.926118
0.247899
-0.20712
-1.96187
2.75835
-1.81053
-0.283611
-0.358896
0.137915
-0.855903
1.46606
-1.43286
-1.21482
1.12478
-0.756684
1.55473
-0.151051
0.655969
-1.18579
-0.863001
-0.050599
-0.923521
0.593741
0.808391
-1.16681
-0.69173
-0.251697
-0.226919
0.348981
0.535473
0.222772
-0.0317477
-0.607335
-0.682498
-0.243529
-1.00612
0.711459
0.973458
-0.454684
0.15106
0.162852
-0.241313
-0.945622
1.06619
-1.80034
0.313282
-0.755438
1.71746
1.83062
-1.70623
-0.637816
-1.34708
-0.938907
3.02504
2.15792
0.251139
0.677838
0.501072
0.105386
-0.545009
-0.47026
-1.95796
-0.191363
-0.306223
-0.101382
-0.94363
0.248423
1.01944
0.731857
-0.830854
-0.532149
0.379133
-0.191292
0.16489

   batch        P accept         n0 mean            +/-     n0 std dev          E mean            +/-      E std dev          P mean            +/-      P std dev
   total         0.49953         4.14404     0.00274567        3.88296         10146.5        1.03148        1458.73        -0.14645      0.0867929        122.744
