100
24
-0.0108054
contact

0.205136
-0.232876
-0.062336
-0.335856
0.788729
1.42475
-0.983653
-1.11168
-0.501638
-0.00618916
-1.87132
-1.2801
0.315195
-0.375474
0.769978
-0.527677
-0.315723
2.29422
-0.379181
0.474994
1.1079
-0.629396
0.438162
0.814945
1.93397
-1.1663
-0.667814
-0.597704
4.79689
-0.699616
0.103472
-1.2883
0.501055
1.01658
2.2528
-0.262775
-0.880235
-0.95922
-0.97099
-0.732162
-1.34103
-0.712115
-0.502887
1.59426
0.339353
0.332614
-0.498027
0.688533
-0.682678
0.331331
-0.432331
-0.0662114
0.90921
-0.110839
-0.0671448
-0.823905
0.546576
1.0955
0.930453
-0.0127209
0.489073
-1.75056
-0.00437385
1.62118
2.38922
-0.928596
0.880687
1.10653
-0.789489
0.968205
-0.148278
1.05758
-0.912185
-0.867007
-1.02471
0.521252
-1.05834
0.19206
-0.305827
0.0220754
1.01448
0.618886
-1.17723
-0.307402
0.620101
0.787956
-0.19155
0.0196985
0.159334
0.771202
-0.819165
0.406659
0.324963
0.344241
1.02718
-0.429361
-0.753333
-0.233187

   batch        P accept         n0 mean            +/-     n0 std dev          E mean            +/-      E std dev          P mean            +/-      P std dev
   total        0.500459         3.80276     0.00253404        3.58367           11447        1.13399        1603.71        0.335633      0.0908446        128.474
