100
25
-0.0108054
contact

-1.19905
-0.749816
0.484895
-0.647254
-0.296612
1.19944
-0.688087
-0.875923
0.0333672
-0.426248
-0.472444
-0.0545015
-0.260076
0.522645
1.04712
-1.80882
-1.28644
0.091833
0.914326
2.76663
-0.225517
-1.81534
-0.46073
0.0736802
-0.621236
2.33474
-1.0717
0.0728647
-0.158494
-1.32258
-1.41469
1.02591
-1.12243
-2.14374
-1.29417
-0.431119
-0.240993
-1.19424
-0.879371
-0.00970337
-0.552852
0.753784
-1.91073
-0.532872
0.0766723
1.18947
-0.933505
-0.99202
-0.227092
-0.00591981
-0.314864
-1.2812
0.815327
0.788061
0.28914
-0.0418945
0.0389255
0.415582
0.166521
1.33826
0.610877
0.247328
-0.138691
0.439523
0.324988
1.11259
0.618812
-1.46765
1.49422
1.58863
-0.478623
-0.219778
0.0276141
0.648583
-1.37918
0.832242
-1.65571
-1.69927
2.27649
0.623853
-0.810098
0.827185
2.03349
2.38524
0.626141
0.619046
-0.30611
0.0596536
0.0901405
-0.339157
1.0476
0.283163
-0.855897
-0.161943
-0.593509
-0.194132
0.085903
0.491609
1.32757
0.559997
0.278328
0.204075

   batch        P accept         n0 mean            +/-     n0 std dev          E mean            +/-      E std dev          P mean            +/-      P std dev
   total        0.500409          3.5321     0.00237023        3.35201         12843.4        1.24173        1756.08        0.241322      0.0948113        134.083
