100
26
-0.0108054
contact

-0.725868
-0.796254
-0.127695
-0.115995
0.675623
-0.0137998
-0.842037
-0.5586
0.213829
0.45504
0.0936594
-1.2844
0.355769
-0.0826945
-0.773048
0.300853
1.1812
0.585671
-2.03819
0.134609
0.778647
1.75422
0.0689574
-1.55131
-0.428536
1.18511
-2.43908
0.740339
0.60751
-0.666241
-0.945356
-0.292078
2.24498
-0.174406
-1.19633
-0.450915
3.08993
-0.379747
0.150374
-0.423638
-0.330748
0.489039
0.18745
0.536703
1.3001
0.50756
-0.271744
-1.40568
0.262804
0.962069
0.664415
-0.497067
-0.666229
0.0138755
-0.132308
-1.09672
0.0941002
-0.318159
1.63057
1.11559
-0.452069
0.542488
-0.977436
-0.443776
-0.91769
0.758351
-0.389547
-1.14541
-2.55972
0.736424
-0.802009
0.237984
2.12006
-0.933394
1.58441
0.583518
0.745058
-0.148234
0.981144
0.0261919
-2.29093
-1.16931
-0.379253
0.677676
0.130798
1.91511
0.160233
-0.634098
1.13556
-0.757967
-0.509715
-1.42536
0.341443
-0.415478
-0.0340813
-0.434984
0.430253
1.56588
0.360526
1.52844
0.150357
0.908388
-0.143597
-0.188146
0.0598699
0.163274

   batch        P accept         n0 mean            +/-     n0 std dev          E mean            +/-      E std dev          P mean            +/-      P std dev
   total        0.500015         3.32173     0.00223299        3.15793         14288.3        1.34838        1906.89       -0.188894      0.0985986        139.439
