100
27
-0.0108054
contact

0.331886
-0.230496
-0.477402
0.52404
0.712016
-0.0393053
-0.339532
0.446072
-0.445512
1.54237
1.01443
-0.525927
-1.48959
-0.93166
0.0650024
0.0430655
-1.23302
1.46152
1.352
-1.61239
0.0828936
0.324184
-0.404034
-0.138977
-0.64979
-1.15479
0.255102
0.980674
-1.62955
0.868576
-1.23843
-0.667222
0.564721
0.255791
2.53755
0.410325
0.208989
-0.814085
-1.21861
0.190978
1.40151
-0.311338
0.177082
1.58492
0.666462
0.00855412
-0.619676
-1.02121
-0.479033
0.322916
-1.37551
-0.0173974
0.489888
0.0314389
0.41029
-0.944147
0.44308
1.38104
0.731475
-0.176985
-0.00430512
0.288204
0.393132
-0.922004
-0.240836
-1.56135
0.173554
0.0804539
1.29533
-2.05205
-1.26384
1.18308
-0.208479
0.494245
-0.432615
0.183218
0.415935
-1.52718
0.0357111
0.767049
-0.804085
-2.01905
-0.943472
-1.66944
-1.78983
2.11184
-0.73881
1.50276
-2.14745
-0.992588
-0.381687
-0.717843
-0.836167
-0.707787
0.0287504
-0.862654
-0.800031
-1.59695
1.17923
-1.25975
1.26624
0.501739
-0.0288872
0.560471
-0.649183
-0.176185
-0.619555
-0.130089
0.562992
0.636667

   batch        P accept         n0 mean            +/-     n0 std dev          E mean            +/-      E std dev          P mean            +/-      P std dev
   total        0.500197         3.09785     0.00208819        2.95314         15820.5        1.46175        2067.22       -0.622446        0.10244        144.872
