100
10
-0.0108054
contact

0.0356879
-0.538337
-0.101886
-0.0690341
-0.0357974
0.616477
-0.685886
-1.26399
3.23787
-3.03959
-2.47125
4.44823
-0.635557
0.66207
-0.0793023
-1.45043
0.383784
0.525749
0.239713
0.367897
-0.384764
0.133787
-0.261014
-0.691263
-0.0226506
-0.129271
0.488043
-0.564709
1.40802
-1.47757
-2.53844
4.96261
-1.9957
-1.61285
1.78554
-1.06052
0.599468
0.378231
0.0128958
-0.313638
0.190634
-0.0369304

   batch        P accept         n0 mean            +/-     n0 std dev          E mean            +/-      E std dev          P mean            +/-      P std dev
   total        0.500442         24.8132     0.00599303        8.47542        -63.2398      0.0519007        73.3987      -0.0304996      0.0194751         27.542
