100
11
-0.0108054
contact

0.395318
-0.419936
0.232286
-0.395313
-0.110895
-0.0133048
-0.6203
0.0941003
0.257497
1.53103
4.78603
2.2239
-1.39597
3.0708
-1.09527
0.649544
0.468001
-0.0871044
0.503821
-0.832267
-0.142737
0.448948
0.177906
0.341274
-0.127474
0.458021
-0.00851663
0.307158
0.888719
0.675211
-0.776287
-0.40694
0.558747
-2.07952
6.62056
-0.736103
-0.942044
0.708438
0.280025
-0.125513
0.0529531
-0.722902
-0.328538
0.106377
-0.73206
0.486791

   batch        P accept         n0 mean            +/-     n0 std dev          E mean            +/-      E std dev          P mean            +/-      P std dev
   total        0.499828         26.1759     0.00914918        12.9389         271.634      0.0971954        137.455       0.0154024      0.0254709        36.0213
