100
12
-0.0108054
contact

-0.526656
0.0269211
0.103105
0.244363
0.490757
0.478749
-1.19291
-0.953873
-0.226498
-2.60033
2.14233
-1.56799
2.16065
-2.47856
1.80475
0.0972833
1.07657
-0.799776
-0.274331
0.443329
-0.983637
-0.0782918
0.4749
-0.99078
0.339307
0.304596
0.171671
-0.202108
0.0624534
-0.548958
1.17814
-1.23772
-0.424611
-0.0774039
0.293138
-2.11105
3.67699
-4.22173
4.05869
1.24554
-1.73862
1.16434
-0.18329
-1.13042
0.626587
-0.397974
0.472281
-0.209706
0.0915328
-0.736145

   batch        P accept         n0 mean            +/-     n0 std dev          E mean            +/-      E std dev          P mean            +/-      P std dev
   total        0.500159         22.5477     0.00988743        13.9829         692.716       0.137684        194.715        0.825906      0.0318539        45.0482
