100
13
-0.0108054
contact

-0.0711664
-0.964485
0.877753
-0.312017
-0.97382
-0.401557
-0.942515
-1.13346
-0.645771
0.355482
-1.2275
-1.27776
3.86442
0.193861
5.53052
0.885888
0.860444
-1.6946
0.0451032
0.327703
-0.687018
0.473704
-0.355072
1.90224
-0.360191
0.254652
0.583998
0.0607466
-0.105553
0.326219
-0.0236342
-0.443471
0.507387
0.101601
-0.874415
0.777626
-2.52064
-0.881555
-0.227965
-0.0158087
-4.85999
-0.910255
-0.131132
-0.57908
-0.813171
-0.369326
-1.06491
-0.218638
-0.229155
0.308454
0.319748
-0.107136
-0.0909499
0.0483566

   batch        P accept         n0 mean            +/-     n0 std dev          E mean            +/-      E std dev          P mean            +/-      P std dev
   total        0.500032         17.4392     0.00887203        12.5469          1160.1       0.187882        265.706       0.0876757      0.0376474        53.2415
