100
14
-0.0108054
contact

0.10269
-0.544584
-0.197696
1.05662
0.904504
-0.298776
0.0497299
1.21827
-0.689022
0.359841
0.133988
3.14497
-0.415898
-3.41982
-1.26197
5.01908
-0.789024
0.794905
-1.07596
-1.43684
-0.0343688
1.19273
-0.0596832
0.0288343
0.145878
0.0576463
-0.0244009
0.541075
0.162792
-1.06495
0.423572
-0.229
1.26702
-0.444728
-0.343234
0.0757449
-0.431198
-1.75009
-0.857039
-1.00709
1.34214
-0.973566
-2.12385
-1.20257
0.626325
-0.74934
-0.480932
-4.44426
0.962468
-0.0479446
0.971722
0.368614
0.35828
0.371196
0.454748
0.307554
-0.00382075
-0.469083

   batch        P accept         n0 mean            +/-     n0 std dev          E mean            +/-      E std dev          P mean            +/-      P std dev
   total        0.499964         13.8464     0.00770355        10.8945         1703.18       0.249135         352.33       -0.268668      0.0432072        61.1042
