100
15
-0.0108054
contact

-0.417535
0.322234
0.897493
0.3572
0.771975
0.766642
-0.727453
0.0451503
0.392473
0.643213
0.397015
0.819572
-2.75382
1.74911
-1.36203
0.282781
4.14417
-2.18097
1.11984
2.52268
-0.471251
-1.17391
-0.907843
-0.284937
-1.02426
0.880841
0.0340152
0.432738
-0.475766
0.419715
-0.597052
-0.230354
-0.598979
-0.774373
-0.270566
0.252014
0.349863
-1.91656
-1.14864
-0.130357
0.381425
-2.01645
1.61972
-1.17424
1.27821
4.02834
0.159379
-0.98911
-1.72756
-2.11656
0.306445
1.14283
1.15109
-0.224819
0.153452
-1.38787
0.801937
-1.12836
0.12078
-0.471317
0.680075
-0.328567

   batch        P accept         n0 mean            +/-     n0 std dev          E mean            +/-      E std dev          P mean            +/-      P std dev
   total        0.499887         11.4103     0.00660858        9.34594          2326.4       0.316971        448.265        0.714301      0.0485932        68.7211
