100
16
-0.0108054
contact

-0.193945
-0.233349
1.06688
-0.452825
0.104265
-0.134203
-1.02505
-1.71317
0.0782362
-0.444852
2.40791
0.845778
0.828261
-1.67608
1.28211
1.8345
-4.87816
1.3643
1.13068
0.614161
1.93386
-1.12743
-2.11524
0.136054
1.02092
1.66922
1.37008
-0.882992
0.534517
-1.04061
0.602932
-0.114538
0.0636103
-0.0287447
0.239021
0.419365
1.13036
-0.27518
-0.19927
-0.711544
1.23799
0.34195
-0.550846
0.723324
1.91822
1.01709
1.1839
2.75473
-0.43509
1.40721
-1.54488
-1.90362
-0.690369
1.41479
-0.663922
1.38735
0.143812
-0.961169
-0.264794
0.223028
0.0913553
-1.01906
-0.287415
-0.743386
-0.276134
-0.341291

   batch        P accept         n0 mean            +/-     n0 std dev          E mean            +/-      E std dev          P mean            +/-      P std dev
   total         0.50009         9.46074     0.00570443        8.06728         3028.75       0.390605        552.398       -0.374871      0.0540407        76.4251
