1.042215
1.044883
1.046394
1.045949
1.043144
1.038779
1.034986
1.033415
1.033918
1.035443
1.037148
1.038681
1.039992
1.040959
1.041528
1.042024
1.042665
1.043265
1.043821
1.044681
1.045843
1.046736
1.046924
1.046302
1.044429
1.040827
1.036323
1.032846
1.031486
1.031711
1.031929
1.029160
1.018693
0.995781
0.957473
0.902974
0.834457
0.757235
0.677232
0.598213
0.521395
0.447081
0.376567
0.312926
0.260420
0.222879
0.201486
0.193363
0.192957
0.195021
0.196279
0.195609
0.193926
0.194322
0.201974
0.222624
0.259531
0.311798
0.375717
0.447098
0.522785
0.600967
0.680441
0.759278
0.833766
0.898815
0.950040
0.985810
1.007680
1.019410
1.025417
1.029029
1.031444
1.032602
1.032836
1.033229
1.034665
1.036964
1.039490
1.041966
1.043878
1.044619
1.044518
1.044204
1.043508
1.041772
1.038775
1.035556
1.034058
1.034956
1.036461
1.036588
1.035457
1.034199
1.033387
1.033318
1.033975
1.034817
1.035681
1.037074
1.039345
