1.040212
1.040150
1.039843
1.039009
1.037503
1.034650
1.029973
1.024526
1.020361
1.018716
1.019689
1.022880
1.027191
1.030861
1.032688
1.033182
1.034095
1.036710
1.040786
1.044825
1.047411
1.048822
1.050769
1.054449
1.059544
1.064556
1.068151
1.071160
1.076267
1.084888
1.095368
1.103702
1.104455
1.091466
1.059702
1.008549
0.943733
0.874003
0.804728
0.734835
0.658832
0.571252
0.470785
0.362305
0.256266
0.167637
0.118032
0.120480
0.145834
0.166706
0.174256
0.166711
0.145875
0.120677
0.118583
0.168420
0.256960
0.362525
0.470126
0.569592
0.656668
0.733250
0.804831
0.876143
0.947152
1.011954
1.062542
1.094712
1.109732
1.111898
1.106429
1.097798
1.088310
1.078627
1.069363
1.061314
1.054835
1.049786
1.045618
1.041849
1.038770
1.036958
1.036346
1.036333
1.036452
1.036650
1.036958
1.037199
1.037283
1.037387
1.037661
1.038193
1.039248
1.041049
1.043258
1.044922
1.045210
1.044244
1.042855
1.041584
1.040629
