1.000380
1.000842
1.000965
1.000341
0.999113
0.997712
0.996610
0.996269
0.997361
1.000121
1.003174
1.004488
1.003315
1.000546
0.998000
0.997052
0.997540
0.998503
0.999180
0.999120
0.998198
0.996111
0.992858
0.990151
0.990048
0.992430
0.994928
0.994759
0.988805
0.969011
0.919176
0.830750
0.721204
0.616765
0.530550
0.462943
0.409104
0.363215
0.319943
0.275469
0.228592
0.180801
0.134927
0.093597
0.058581
0.031396
0.017097
0.022103
0.031372
0.037580
0.039693
0.037577
0.031351
0.022027
0.016981
0.031446
0.058845
0.094138
0.135845
0.182207
0.230578
0.278053
0.323017
0.366548
0.412447
0.466139
0.533549
0.619520
0.723572
0.832636
0.920856
0.970578
0.989116
0.992352
0.989759
0.986068
0.984432
0.986341
0.990692
0.994700
0.996847
0.997926
0.998677
0.999017
0.998886
0.998412
0.998034
0.998127
0.998415
0.998234
0.997162
0.995729
0.995275
0.996095
0.997039
0.997562
0.998264
0.999447
1.000420
1.000549
1.000270
