0.992910
0.993643
0.994022
0.994723
0.995774
0.996272
0.995630
0.994106
0.992877
0.993093
0.994378
0.995659
0.996111
0.994969
0.992752
0.991500
0.992039
0.993436
0.994452
0.994215
0.993290
0.992939
0.993276
0.994439
0.996571
0.998417
0.998735
0.997978
0.996984
0.995546
0.990921
0.964862
0.890336
0.782324
0.675486
0.584128
0.506203
0.435301
0.366672
0.299301
0.235262
0.177445
0.127745
0.086674
0.053855
0.028800
0.012993
0.013898
0.021399
0.026549
0.028299
0.026549
0.021399
0.013905
0.013039
0.028872
0.053956
0.086811
0.127919
0.177656
0.235530
0.299729
0.367495
0.436805
0.508489
0.586964
0.678405
0.784803
0.891954
0.965517
0.990950
0.995707
0.997842
0.999346
1.000453
1.001121
1.000861
0.999902
0.998893
0.997842
0.996836
0.996046
0.995353
0.995484
0.996969
0.998650
0.999168
0.998412
0.996943
0.995499
0.994719
0.994973
0.996011
0.996473
0.995518
0.994126
0.993153
0.992251
0.991383
0.991208
0.991882
