1.040359
1.040156
1.039796
1.039069
1.037655
1.034733
1.029890
1.024304
1.020058
1.018374
1.019379
1.022719
1.027244
1.031036
1.032858
1.033322
1.034193
1.036719
1.040729
1.044803
1.047523
1.049078
1.051045
1.054623
1.059634
1.064634
1.068221
1.071186
1.076197
1.084669
1.095023
1.103315
1.104080
1.091133
1.059450
1.008407
0.943691
0.874027
0.804777
0.734881
0.658870
0.571288
0.470817
0.362321
0.256259
0.167612
0.118007
0.120472
0.145838
0.166715
0.174267
0.166719
0.145877
0.120671
0.118582
0.168435
0.256975
0.362512
0.470058
0.569456
0.656470
0.733021
0.804626
0.876037
0.947240
1.012325
1.063198
1.095509
1.110454
1.112407
1.106732
1.097974
1.088400
1.078614
1.069279
1.061293
1.054923
1.049873
1.045687
1.042015
1.039050
1.037263
1.036623
1.036560
1.036568
1.036581
1.036731
1.036936
1.037059
1.037170
1.037431
1.038018
1.039197
1.041089
1.043309
1.044947
1.045192
1.044193
1.042842
1.041683
1.040817
