1.009891
1.007387
1.005358
1.005347
1.005591
1.004601
1.003642
1.003937
1.004718
1.004999
1.004949
1.005206
1.005567
1.004894
1.002990
1.001258
1.000992
1.002205
1.003683
1.003928
1.002752
1.001251
1.000503
1.001193
1.003057
1.004620
1.005214
1.005956
1.007827
1.010715
1.014103
1.017373
1.019816
1.019825
1.012602
0.990279
0.948033
0.889135
0.820610
0.745355
0.660647
0.563369
0.455249
0.343361
0.237063
0.145324
0.078836
0.059792
0.079938
0.099419
0.106487
0.099418
0.079928
0.059750
0.078737
0.145117
0.236582
0.342321
0.453329
0.560419
0.656855
0.741218
0.816927
0.887186
0.948997
0.993509
1.015661
1.020746
1.017679
1.012513
1.008737
1.007028
1.005832
1.004323
1.003047
1.002587
1.003074
1.003807
1.004044
1.004441
1.005329
1.005104
1.003210
1.001777
1.002335
1.004026
1.005799
1.007517
1.008671
1.008354
1.006793
1.005219
1.004217
1.003620
1.003255
1.002731
1.001997
1.002242
1.004446
1.007753
1.010138
