1.002769
1.003525
1.004406
1.005046
1.005183
1.004791
1.004052
1.003230
1.002563
1.002204
1.002194
1.002458
1.002812
1.002889
1.001839
0.997950
0.988868
0.972799
0.949710
0.921335
0.890125
0.858124
0.826377
0.794824
0.762490
0.727796
0.688981
0.644598
0.594042
0.537909
0.477998
0.416884
0.357259
0.301349
0.250627
0.205811
0.167045
0.134126
0.106706
0.084442
0.067106
0.054600
0.046810
0.043243
0.042820
0.044204
0.046293
0.048379
0.050064
0.051142
0.051514
0.051153
0.050087
0.048412
0.046334
0.044247
0.042853
0.043244
0.046753
0.054465
0.066880
0.084119
0.106282
0.133597
0.166409
0.205073
0.249801
0.300462
0.356358
0.416036
0.477284
0.537416
0.593840
0.644726
0.689432
0.728518
0.763388
0.795780
0.827267
0.858844
0.890605
0.921547
0.949658
0.972512
0.988392
0.997358
1.001230
1.002341
1.002337
1.001981
1.001588
1.001338
1.001338
1.001609
1.002080
1.002596
1.002959
1.003018
1.002788
1.002484
1.002410
