0.998976
0.998599
0.997787
0.997883
0.998850
0.999587
0.999475
0.998796
0.998338
0.998439
0.998810
0.998913
0.998313
0.997506
0.997301
0.997542
0.997631
0.997272
0.996787
0.996569
0.996329
0.995651
0.994406
0.992996
0.991230
0.988107
0.985109
0.984581
0.985549
0.984057
0.974144
0.943306
0.871832
0.757485
0.630246
0.519313
0.432863
0.366136
0.311177
0.261391
0.213476
0.167720
0.126498
0.092149
0.065938
0.048217
0.038597
0.035305
0.035340
0.036193
0.036599
0.036206
0.035362
0.035319
0.038562
0.048082
0.065674
0.091769
0.126067
0.167367
0.213339
0.261501
0.311385
0.366216
0.432649
0.518686
0.629108
0.755982
0.870434
0.941837
0.971556
0.980114
0.981113
0.980747
0.982794
0.987887
0.992943
0.995530
0.996534
0.996981
0.997056
0.996830
0.996370
0.995867
0.995499
0.995670
0.996424
0.997173
0.997751
0.998507
0.999531
1.000383
1.000558
1.000189
0.999582
0.998830
0.998136
0.997559
0.997189
0.997449
0.998329
