1.001828
1.000991
0.999556
0.998118
0.997559
0.998320
0.999974
1.001339
1.001396
1.000183
0.998531
0.997354
0.997095
0.997434
0.997801
0.997986
0.997907
0.997473
0.996809
0.996372
0.996414
0.995615
0.992382
0.988018
0.985478
0.985877
0.987700
0.987936
0.981787
0.959621
0.906145
0.814928
0.703627
0.597561
0.509437
0.439385
0.382046
0.331324
0.282801
0.234857
0.188530
0.146165
0.109883
0.080888
0.059619
0.046080
0.039550
0.037976
0.038692
0.039772
0.040270
0.039907
0.038917
0.038188
0.039603
0.045869
0.059196
0.080411
0.109529
0.146072
0.188755
0.235334
0.283358
0.331759
0.382212
0.439219
0.508913
0.596661
0.702418
0.813760
0.905637
0.960249
0.983828
0.991598
0.992796
0.991656
0.990940
0.992391
0.995587
0.998417
0.999724
1.000163
1.000223
0.999928
0.999523
0.999113
0.998550
0.997644
0.996456
0.995446
0.994956
0.994936
0.995288
0.995901
0.996654
0.997626
0.998824
1.000020
1.001037
1.001754
1.002041
