0.994745
0.993963
0.992992
0.992239
0.991799
0.991739
0.992120
0.992626
0.993227
0.994360
0.995695
0.996564
0.996887
0.996643
0.996063
0.995826
0.995906
0.995687
0.994829
0.993651
0.993364
0.994320
0.995328
0.996189
0.997159
0.997304
0.996269
0.995189
0.994649
0.993878
0.989223
0.962178
0.886982
0.777792
0.667871
0.571280
0.485983
0.406110
0.328945
0.256433
0.192516
0.139846
0.098761
0.068144
0.046581
0.033068
0.026763
0.025638
0.026710
0.027917
0.028379
0.027877
0.026640
0.025563
0.026712
0.033032
0.046487
0.067887
0.098218
0.138893
0.191075
0.254545
0.326838
0.404153
0.484457
0.570098
0.666492
0.775486
0.883592
0.959082
0.988554
0.996185
0.998637
0.999195
0.999192
0.998890
0.997850
0.996586
0.995840
0.995179
0.994424
0.994015
0.993557
0.992975
0.992951
0.993781
0.995303
0.996635
0.996638
0.995663
0.995022
0.995265
0.995879
0.995978
0.995271
0.994160
0.992901
0.991945
0.992284
0.993737
0.994791
