1.000331
1.000750
1.000727
0.999934
0.998703
0.997556
0.996805
0.996606
0.997506
0.999987
1.003009
1.004554
1.003631
1.000921
0.998161
0.996852
0.997167
0.998349
0.999388
0.999313
0.997787
0.994946
0.991408
0.989094
0.989786
0.992750
0.995028
0.993599
0.985233
0.961734
0.907678
0.816124
0.704704
0.598495
0.509897
0.439072
0.380941
0.329681
0.280966
0.233111
0.187037
0.145003
0.109074
0.080406
0.059387
0.045967
0.039408
0.037723
0.038341
0.039382
0.039904
0.039622
0.038750
0.038140
0.039606
0.045788
0.058905
0.079864
0.108753
0.145156
0.187846
0.234620
0.283040
0.332046
0.383316
0.441285
0.511883
0.600199
0.706033
0.817110
0.908695
0.962803
0.985015
0.990518
0.989209
0.986120
0.984443
0.985866
0.989714
0.993637
0.996232
0.997863
0.998763
0.998861
0.998538
0.998281
0.998373
0.998683
0.998752
0.998251
0.997116
0.995845
0.995453
0.996085
0.996802
0.997318
0.998237
0.999621
1.000598
1.000604
1.000239
