0.992885
0.993773
0.994195
0.994721
0.995576
0.996054
0.995527
0.994109
0.992874
0.992954
0.994114
0.995444
0.996122
0.995232
0.993105
0.991699
0.992006
0.993334
0.994456
0.994274
0.993199
0.992641
0.992956
0.994337
0.996776
0.998732
0.998843
0.997804
0.996639
0.994703
0.988495
0.960722
0.885849
0.776996
0.667199
0.570783
0.485772
0.406126
0.328975
0.256325
0.192292
0.139614
0.098606
0.068083
0.046588
0.033091
0.026757
0.025600
0.026667
0.027889
0.028375
0.027895
0.026671
0.025583
0.026697
0.032989
0.046468
0.067967
0.098496
0.139502
0.192187
0.256322
0.329309
0.407077
0.487402
0.572788
0.669048
0.778205
0.886267
0.960620
0.988206
0.994786
0.997568
0.999306
1.000670
1.001485
1.001083
0.999796
0.998525
0.997451
0.996683
0.996228
0.995668
0.995603
0.996782
0.998417
0.999214
0.998686
0.997136
0.995482
0.994582
0.994805
0.995857
0.996388
0.995494
0.994104
0.993167
0.992382
0.991571
0.991287
0.991827
