1.003035
1.003198
1.004103
1.005089
1.004883
1.003849
1.003679
1.004593
1.004996
1.004043
1.002623
1.001783
1.001614
1.001887
1.002742
1.004118
1.005200
1.005401
1.005328
1.005678
1.006118
1.006002
1.005126
1.003963
1.003492
1.003842
1.003924
1.002951
1.001098
0.999578
1.000225
1.002901
1.004208
0.999409
0.983496
0.950945
0.896867
0.820333
0.726310
0.622863
0.517623
0.417032
0.326504
0.250069
0.190190
0.147991
0.123014
0.112100
0.109652
0.110308
0.110829
0.110174
0.109307
0.111488
0.122269
0.147486
0.190270
0.250779
0.327567
0.418037
0.518283
0.623086
0.726053
0.819547
0.895399
0.948139
0.978831
0.994121
1.000991
1.003751
1.004416
1.003681
1.002276
1.001606
1.002272
1.003056
1.002804
1.002159
1.002291
1.003153
1.003763
1.003375
1.002248
1.001505
1.001690
1.002082
1.002328
1.003072
1.004089
1.004094
1.002898
1.001790
1.001749
1.002506
1.003353
1.003944
1.004237
1.004240
1.003948
1.003523
1.003214
