1.073761
1.073726
1.073727
1.073736
1.073641
1.073363
1.072927
1.072446
1.072049
1.071826
1.071839
1.072131
1.072715
1.073546
1.074518
1.075493
1.076332
1.076898
1.077044
1.076596
1.075321
1.072858
1.068653
1.061958
1.051913
1.037669
1.018472
0.993717
0.963010
0.926240
0.883612
0.835604
0.782880
0.726232
0.666593
0.605104
0.543178
0.482525
0.425112
0.373082
0.328596
0.293559
0.269156
0.255306
0.250446
0.251963
0.257015
0.263170
0.268646
0.272292
0.273481
0.272023
0.268133
0.262459
0.256170
0.251058
0.249562
0.254518
0.268516
0.293083
0.328251
0.372803
0.424826
0.482179
0.542757
0.604607
0.665993
0.725431
0.781733
0.834011
0.881651
0.924227
0.961422
0.993003
1.018878
1.039182
1.054321
1.064938
1.071827
1.075832
1.077762
1.078331
1.078130
1.077614
1.077098
1.076756
1.076614
1.076567
1.076429
1.076027
1.075299
1.074331
1.073309
1.072436
1.071870
1.071699
1.071925
1.072441
1.073043
1.073513
1.073736
