1.019973
1.019540
1.019129
1.019065
1.019237
1.019326
1.019165
1.018771
1.018229
1.017695
1.017335
1.017053
1.016491
1.015606
1.015024
1.015405
1.016602
1.017857
1.018655
1.018969
1.018900
1.018528
1.018017
1.017538
1.017070
1.016422
1.015387
1.013764
1.011130
1.006398
0.997353
0.980750
0.953372
0.913334
0.860559
0.796460
0.723393
0.644173
0.561854
0.479737
0.401319
0.329996
0.268739
0.219889
0.184911
0.163751
0.154151
0.152123
0.153577
0.155534
0.156344
0.155492
0.153495
0.152015
0.154050
0.163692
0.184874
0.219729
0.268183
0.328730
0.399147
0.476755
0.558516
0.641162
0.721318
0.795581
0.860667
0.913856
0.953751
0.981019
0.998298
1.008817
1.014872
1.017750
1.018524
1.018211
1.017419
1.016467
1.015757
1.015648
1.016146
1.016978
1.017869
1.018606
1.019035
1.019121
1.019039
1.019191
1.019949
1.021172
1.022060
1.021785
1.020348
1.018633
1.017558
1.017319
1.017561
1.018008
1.018655
1.019424
1.019969
