1.035527
1.034802
1.034442
1.034348
1.034366
1.034523
1.035049
1.036144
1.037729
1.039413
1.040723
1.041417
1.041622
1.041659
1.041759
1.041960
1.042217
1.042508
1.042816
1.043076
1.043233
1.043329
1.043469
1.043604
1.043283
1.041592
1.037318
1.029157
1.015805
0.995925
0.968212
0.931674
0.886039
0.831943
0.770725
0.704040
0.633638
0.561422
0.489564
0.420521
0.356920
0.301380
0.256287
0.223371
0.203006
0.193602
0.191936
0.194384
0.197981
0.200770
0.201700
0.200458
0.197397
0.193605
0.191061
0.192717
0.202142
0.222476
0.255273
0.300219
0.355713
0.419513
0.489094
0.561822
0.635105
0.706513
0.773845
0.835129
0.888678
0.933286
0.968500
0.994772
1.013258
1.025425
1.032730
1.036551
1.038200
1.038813
1.039149
1.039491
1.039791
1.039927
1.039858
1.039587
1.039090
1.038375
1.037601
1.037063
1.036970
1.037216
1.037415
1.037213
1.036623
1.036038
1.035909
1.036364
1.037124
1.037730
1.037836
1.037365
1.036487
