1.035201
1.035188
1.036186
1.037096
1.036974
1.036154
1.035394
1.034962
1.034907
1.035429
1.036456
1.037291
1.037343
1.037147
1.038121
1.040844
1.043922
1.045414
1.045120
1.044537
1.044796
1.045652
1.046526
1.047437
1.048473
1.049276
1.049602
1.049638
1.049356
1.048088
1.044751
1.037772
1.024608
1.001596
0.964738
0.911921
0.845147
0.769644
0.690553
0.610904
0.532022
0.454957
0.381704
0.315719
0.261511
0.223155
0.201894
0.194503
0.194909
0.197529
0.198985
0.198179
0.196122
0.196057
0.203363
0.223990
0.261319
0.314456
0.379528
0.451930
0.527977
0.605689
0.684400
0.763239
0.839416
0.907802
0.962754
1.001325
1.025073
1.038483
1.045803
1.049638
1.051432
1.051993
1.051825
1.051456
1.051235
1.051050
1.050712
1.050171
1.049269
1.047813
1.045921
1.044066
1.042734
1.041983
1.041631
1.041697
1.041922
1.041482
1.039994
1.038176
1.037225
1.037717
1.038847
1.039151
1.038318
1.037359
1.036940
1.036668
1.036002
