1.016357
1.015836
1.016769
1.018374
1.019385
1.019405
1.019247
1.019934
1.021550
1.023288
1.024373
1.024684
1.024902
1.025828
1.027499
1.029514
1.031364
1.032165
1.031262
1.029092
1.026871
1.025614
1.025988
1.028301
1.031560
1.033505
1.032516
1.029374
1.026724
1.026428
1.027752
1.028108
1.024569
1.014016
0.992026
0.953028
0.893698
0.817065
0.731566
0.645175
0.561461
0.480638
0.402831
0.330287
0.267391
0.219025
0.188131
0.173371
0.169305
0.169720
0.170474
0.170169
0.170086
0.174248
0.188772
0.219106
0.266756
0.329101
0.401653
0.480251
0.562471
0.647689
0.735203
0.821294
0.898019
0.956440
0.992727
1.010707
1.017925
1.020278
1.020774
1.021274
1.022630
1.024016
1.024705
1.025318
1.025909
1.025151
1.023075
1.021724
1.021713
1.021761
1.021753
1.022754
1.024846
1.026895
1.027464
1.025950
1.023314
1.020862
1.019072
1.018100
1.017859
1.018273
1.019824
1.022413
1.024869
1.025945
1.024728
1.021584
1.018357
