1.033352
1.033806
1.034855
1.035079
1.033986
1.032086
1.029728
1.026687
1.022884
1.019114
1.017057
1.017971
1.020981
1.023742
1.025076
1.025755
1.026781
1.028305
1.030102
1.031976
1.033875
1.036044
1.038744
1.041797
1.044482
1.045748
1.044948
1.042645
1.040181
1.038177
1.035998
1.031917
1.022106
1.000466
0.961825
0.905597
0.835983
0.759081
0.679948
0.601446
0.524548
0.449659
0.378267
0.313716
0.260511
0.222576
0.201024
0.192816
0.192281
0.194145
0.195182
0.194356
0.192691
0.193372
0.201574
0.222858
0.260208
0.312548
0.376097
0.446615
0.520964
0.597533
0.675560
0.753850
0.829532
0.897784
0.953384
0.993332
1.018335
1.031829
1.037490
1.037992
1.035756
1.033357
1.032440
1.032685
1.032713
1.032278
1.032573
1.034026
1.035526
1.036167
1.036001
1.035431
1.034961
1.034721
1.034283
1.033687
1.033929
1.035788
1.038498
1.040440
1.041166
1.041383
1.041330
1.040678
1.039365
1.037843
1.036618
1.035504
1.034180
