1.010364
1.007593
1.005349
1.005375
1.005649
1.004457
1.003073
1.002846
1.003487
1.004518
1.005737
1.006608
1.006448
1.005062
1.002901
1.000644
0.999088
0.999489
1.002220
1.004971
1.004939
1.002447
1.000231
1.000124
1.001585
1.002821
1.002946
1.002711
1.003245
1.004947
1.007146
1.008044
1.005815
0.998875
0.982936
0.950387
0.895661
0.819265
0.726447
0.624325
0.520012
0.419864
0.329248
0.252234
0.191448
0.148298
0.122677
0.111621
0.109372
0.110294
0.111022
0.110525
0.109835
0.112235
0.123183
0.148376
0.190937
0.251130
0.327556
0.417569
0.517221
0.621464
0.724303
0.818625
0.896734
0.952570
0.985055
0.999433
1.003480
1.003285
1.002508
1.002102
1.001532
1.001134
1.001513
1.002177
1.002608
1.003046
1.003738
1.004602
1.005120
1.004342
1.002453
1.001454
1.002459
1.004366
1.006171
1.007719
1.008316
1.007496
1.006051
1.004564
1.003336
1.003315
1.004036
1.003448
1.001498
1.000642
1.002751
1.006996
1.010368
