interaction_coefficients
0.9979772161445951
0.823847467700214
0.6208336645774779
0.46659361431751634
0.3557987293225261
0.2764606817027579
0.2189427559034108
0.176519923915944
0.14464983858826963
0.12027610111414458
0.10131988316961302
0.08634695122934125
0.07435164971068052
0.06461713264270635
0.05662412159545244
0.04999076641015045
0.04443203291061158
0.039732432229273376
0.03572673608047293
0.032287208895207295
0.02931353049006173
0.026726761978059448
0.024462889672236247
0.022471412139506437
0.020710720964187742
0.019146881124375126
0.01775189505500651
0.016502566621795823
0.01537952964620598
0.014365941871639868
0.013448959080912136
0.012616313938701704
0.011858042664230975
0.01116574503731833
0.010531608970548237
0.009950236767165332
0.009415271376485203
0.008922002388250942
0.008466367899441916
0.008044508305961099
0.007653023803108844
0.007289737289527812
0.006951435237787261
0.006636065828157976
0.006341646805581822
0.006066302273275332
0.005808414549551712
0.005566545311896614
0.00533928297875233
0.005125988668725967
0.004924896249716048
