-0.004696258308119634 -61.25870502655048
-0.006222107148596074 -104.71611204472856
-0.007991480213001381 -165.25421361062948
-0.00988009997121418 -241.2303404035394
-0.011928020296590547 -335.2350881667162
-0.014286598469125836 -456.5966891085669
-0.016833694041229565 -601.4995875277914
-0.01930140529253606 -753.9012502786807
-0.022510893253719633 -967.7220314450147
-0.025500644575968623 -1181.054157665372
-0.02875513163529728 -1426.7521881340197
-0.032147446769793434 -1696.5561357374695








 


