-0.0042195268250578314 0.16375824095102395
-0.005301892993535577 0.13668754056195792
-0.006442215631178419 0.1006515168664138
-0.007576297019707348 0.09091969144740045
-0.008651787441412463 0.06912528246955173
-0.009748261513109894 0.07333665456330662
-0.010805358641291169 0.05892140992157885
-0.011839481597843773 0.05075069116673298
-0.01283471902257864 0.0489013948659073
-0.013843079444467974 0.04690343340333947
-0.015014973084707317 0.0414071761041092
-0.015824500613224785 0.04095375658640674





 


