-0.004696258308119634 0.1758996535146606
-0.006222107148596074 0.11689842535053364
-0.007991480213001381 0.09827554943936498
-0.00988009997121418 0.08407472914876013
-0.011928020296590547 0.07078963735297071 
-0.014286598469125836 0.06577927899659801 
-0.016833694041229565 0.05674241391607554
-0.01930140529253606 0.049713998367545364
-0.022510893253719633 0.04410720129388836 
-0.025500644575968623 0.04163316678195155
-0.02875513163529728 0.03982090193004765
-0.032147446769793434 0.03734045457937545




 


