-0.004696258308119634 0.17118808838443608
-0.006222107148596074 0.11794715673828261
-0.007991480213001381 0.0980371487206142 
-0.00988009997121418 0.08333393416531233
-0.011928020296590547 0.07166852956133138 
-0.014286598469125836 0.06357646047144283 
-0.016833694041229565 0.05635733826618653
-0.01930140529253606 0.051248137770556375
-0.022510893253719633 0.04632530399123743
-0.025500644575968623 0.04280420447897364
-0.02875513163529728 0.03970577420464946
-0.032147446769793434 0.03717440001091983




 


