1.917159114823161*^-13
1.3861057513983416*^-10
5.565543611179818*^-9
6.704361227931454*^-8
4.174568762368436*^-7
1.7217430578548699*^-6
5.371319559672025*^-6
0.000013713835323939104
0.00003013401874806926
0.00005895729678921605
0.00010519962613566069
0.00017421774642468836
0.0002713225707899024
0.0004014110229766816
0.000568656152244153
0.000776278077051234
0.0010264030899878307
0.0013200068486391777
0.001656930276107603
0.0020359530855092525
0.002454908875728546
0.0029108266356101097
0.003400085473263763
0.003918571865121862
0.0044618312829371115
0.005025208446126418
0.005603972520131297
0.006193425281347627
0.006788991593441168
0.007386292519039639
0.007981202071998164
0.00856988905153005
0.009148845642266616
0.00971490456068414
0.010265246518562686
0.010797399691358922
0.011309232749860287
0.011798942857459815
0.012265039867809751
0.012706327789226573
0.013121884420317963
0.013511039910569471
0.013873354862761077
0.014208598472304598
0.014516727092112785
0.014797863519955108
0.01505227722745393
0.015280365684772427
0.015482636881291353
0.015659693098830967
0.015812215958944022
0.01594095273823457
0.016046703924418065
0.016130311969927195
0.016192651188341817
0.016234618731035683
0.016257126576464897
0.01626109446190368
0.01624744368667393
0.016217091716580888
0.016170947521019198
0.016109907576781532
0.01603485247571389
0.015946644076874822
0.015846123147581173
0.015734107441556053
0.015611390166252395
0.015478738795209593
0.015336894184992378
0.015186569959779714
0.015028452130044294
0.014863198914913977
0.014691440740772268
0.01451378039141335
0.01433079328760459
0.014143027876272096
0.013951006111666126
0.01375522401283697
0.013556152283539704
0.013354236982318001
0.01314990023197696
0.012943540958996443
0.012735535654619785
0.012526239150429353
0.012315985402183979
0.012105088276541035
0.01189384233606311
0.011682523618578829
0.011471390407573953
0.011260683990825837
0.0110506294049559
0.010841436164001489
0.010633298970463279
0.010426398407608407
0.010220901612085557
0.010016962926155337
0.00981472452904119
0.009614317047098623
0.009415860142648745
0.009219463081459392
0.009025225278973785