4.29022768626459*^-9
2.3424764695921307*^-7
2.1263975450788875*^-6
9.222092708551398*^-6
0.000027027151154483855
0.00006229516472108257
0.00012218038418448801
0.0002134832419472949
0.00034207895933180855
0.0005125467684680807
0.0007279806216644966
0.0009899469113900377
0.0012985513004643648
0.0016525795060996146
0.002049682361270522
0.0024865817328248974
0.002959279861443449
0.003463259909722118
0.00399366978861057
0.004545484683701681
0.005113646214624443
0.00569317796239483
0.006279278326744652
0.0068673924546136305
0.00745326542215985
0.00803297904722541
0.00860297473051524
0.009160064628952459
0.009701433297104515
0.010224631724258625
0.010727565468637672
0.011208478362337335
0.011665933041398025
0.012098789351583896
0.012506181495571967
0.012887494622963704
0.013242341420959532
0.01357053913994453
0.01387208738322995
0.014147146902145899
0.01439601956474129
0.01461912960670151
0.014817006224986108
0.014990267536455973
0.015139605893905509
0.015265774529108869
0.015369575475507005
0.01545184871101061
0.015513462453143901
0.01555530453365685
0.015578274777149593
0.015583278307622272
0.015571219707741217
0.015542997957640095
0.01549950208290984
0.01544160744486939
0.015370172610014717
0.015286036739571844
0.015190017444213676
0.015082909053125627
0.014965481250655957
0.014838478037723334
0.014702616978902404
0.014558588699684384
0.014407056601762292
0.014248656767324725
0.014083998026264512
0.013913662162895916
0.013738204241263142
0.0135581530303837
0.013374011512859838
0.013186257462169051
0.012995344075661717
0.012801700651847506
0.01260573330193966
0.012407825686896844
0.012208339772320638
0.012007616594582604
0.011805977032454631
0.011603722579325886
0.011401136111795263
0.011198482651075162
0.01099601011419459
0.010793950052489388
0.01059251837530756
0.010391916057233098
0.010192329827479522
0.009993932840389847
0.009796885326239485
0.009601335221764084
0.009407418780019036
0.00921526115935383
0.009024976991418786
0.008836670928247664
0.008650438168560816
0.008466364963524398
0.008284529102266827
0.008105000377522984
0.007927841031818976
0.007753106184652753
0.00758084424115945