100
10
0.5
custom
1

0.998666
0.864627
0.690923
0.546257
0.434291
0.349068
0.284132
0.234234
0.195469
0.164973
0.1407
0.12114
0.105211
0.0920997
0.0812023
0.0720629
0.0643431
0.0577658
0.052119
0.0472357
0.0429982

-0.492934
1.03447
0.535673
-1.53269
0.0919854
-0.190369
-1.9415
0.121591
-2.47011
-0.513614
2.41508
4.24804
0.61315
-1.50762
-1.4206
-0.853659
-0.988706
0.969477
1.51078
-0.229929
-1.72698
-0.700883
-0.0754178
1.71885
0.681745
-0.619021
1.15135
-0.827546
2.63247
-3.95966
0.333521
0.922499
-3.02495
-1.83973
-1.58144
0.0623658
-0.121567
1.13548
0.539764
1.65961
-0.263017
-0.0877076

   batch        P accept         n0 mean            +/-     n0 std dev          E mean            +/-      E std dev          P mean            +/-      P std dev
   total        0.499847         9.41835      0.0060437        8.54709         7804.16       0.347095        490.866      -0.0447682      0.0552802         78.178

    mode      occupation             +/-         std dev
     -10         1.57209       0.0011112         1.57147
      -9         1.86821       0.0013179         1.86379
      -8         2.26638      0.00159306         2.25293
      -7         2.79098      0.00195315         2.76217
      -6         3.45118      0.00240605         3.40267
      -5         4.28879      0.00296155         4.18826
      -4          5.3695      0.00366092         5.17733
      -3         6.69662      0.00448155         6.33787
      -2         8.01299       0.0052648         7.44555
      -1         8.96924      0.00579961         8.20189
       0         9.41835       0.0060437         8.54709
       1         9.03026      0.00585644         8.28225
       2         7.98281       0.0052372         7.40652
       3         6.66664      0.00448594         6.34408
       4         5.36959      0.00366734         5.18641
       5         4.30263      0.00297541         4.20786
       6         3.45003      0.00241044         3.40887
       7         2.78209      0.00194945         2.75694
       8         2.26422      0.00158954         2.24795
       9         1.87796      0.00132145          1.8688
      10         1.56945      0.00110853          1.5677
