100
11
0.5
custom
1

0.998666
0.864627
0.690923
0.546257
0.434291
0.349068
0.284132
0.234234
0.195469
0.164973
0.1407
0.12114
0.105211
0.0920997
0.0812023
0.0720629
0.0643431
0.0577658
0.052119
0.0472357
0.0429982
0.0392943
0.03604

0.799474
-0.723632
0.323087
1.43724
2.33973
-1.91498
0.271597
-0.134926
-2.12602
1.96119
0.227095
-1.27488
3.57283
-2.17069
0.501046
0.939105
1.76935
-0.132863
1.54127
-0.408261
-0.917528
1.33111
1.31002
0.257188
-0.22943
-0.0824797
-0.0896957
0.178206
-0.838766
-1.10396
-0.314902
-4.18724
0.188204
-3.72834
-0.0635435
0.826022
0.635217
0.489789
2.37031
0.936575
1.53808
-0.713595
1.49808
0.140471
1.4597
0.0982127

   batch        P accept         n0 mean            +/-     n0 std dev          E mean            +/-      E std dev          P mean            +/-      P std dev
   total         0.50027         8.20961     0.00531897        7.52216         8384.42       0.396476        560.702      -0.0688508      0.0595304        84.1887

    mode      occupation             +/-         std dev
     -11           1.538      0.00108289         1.53143
     -10         1.79866       0.0012658          1.7901
      -9         2.11424      0.00148071         2.09405
      -8         2.52605      0.00176652         2.49824
      -7         3.02679      0.00210726         2.98011
      -6          3.6657      0.00252847         3.57579
      -5         4.43335      0.00303613         4.29373
      -4         5.31126      0.00359459         5.08352
      -3         6.32324      0.00422012         5.96816
      -2         7.25536      0.00479061         6.77494
      -1         7.93314      0.00517533         7.31902
       0         8.20961      0.00531897         7.52216
       1         7.89607      0.00515961          7.2968
       2          7.2436      0.00477519         6.75314
       3         6.29241      0.00420998          5.9538
       4         5.31952      0.00360984         5.10509
       5         4.43053      0.00303265         4.28882
       6         3.67883      0.00255268         3.61003
       7          3.0297      0.00210539         2.97747
       8         2.52219      0.00175961         2.48847
       9         2.12163      0.00148703         2.10298
      10          1.7964      0.00126385         1.78735
      11         1.53374      0.00107986         1.52715
