100
14
0.5
custom
1

0.998666
0.864627
0.690923
0.546257
0.434291
0.349068
0.284132
0.234234
0.195469
0.164973
0.1407
0.12114
0.105211
0.0920997
0.0812023
0.0720629
0.0643431
0.0577658
0.052119
0.0472357
0.0429982
0.0392943
0.03604
0.0331665
0.0306186
0.0283481
0.0263175
0.0244857
0.0228437

-0.153616
-0.205504
-0.955461
-0.069835
0.887103
-0.032702
0.884282
-2.03725
0.510888
-3.10865
-0.819954
-1.95245
0.150933
-1.94189
0.852483
-0.306917
-1.3862
2.17137
0.813012
-1.66593
1.79434
1.19512
-0.656679
-0.158115
-0.180186
-2.11906
0.134493
0.909867
-0.0191102
-0.00819166
-1.04384
0.568593
0.302036
3.19308
-0.252947
-1.23789
-0.311681
-1.31004
-0.597276
-0.781495
-1.5804
0.324959
-0.725688
1.97617
3.7836
0.874982
-0.467714
1.3843
0.0181025
1.474
0.510895
1.45621
0.436985
-1.92343
-2.00302
0.185278
0.0216814
0.951657

   batch        P accept         n0 mean            +/-     n0 std dev          E mean            +/-      E std dev          P mean            +/-      P std dev
   total         0.49986         5.81537     0.00384739        5.44103         10411.2        0.57177        808.604        0.333801       0.072404        102.395

    mode      occupation             +/-         std dev
     -14         1.42524      0.00100076         1.41528
     -13           1.589      0.00111498         1.57682
     -12         1.78678      0.00124944         1.76698
     -11         2.02149      0.00141597         2.00249
     -10         2.30191       0.0016032         2.26726
      -9         2.59774      0.00180336         2.55034
      -8         2.93705       0.0020322         2.87397
      -7         3.34276      0.00229616         3.24726
      -6         3.77226      0.00257766         3.64536
      -5          4.2493      0.00288062         4.07382
      -4         4.69675      0.00316376         4.47423
      -3          5.1296      0.00343583           4.859
      -2         5.49027      0.00365337         5.16664
      -1         5.72594      0.00377874         5.34395
       0         5.81537      0.00384739         5.44103
       1          5.7423      0.00380092         5.37531
       2         5.47442      0.00364159         5.14999
       3         5.14808      0.00343702         4.86067
       4         4.71227      0.00318195         4.49995
       5          4.2405      0.00287445         4.06509
       6         3.76715      0.00257644         3.64364
       7         3.34995      0.00230139         3.25465
       8         2.95187      0.00204042         2.88559
       9         2.59849      0.00180406         2.55132
      10         2.29313      0.00159884          2.2611
      11         2.02339       0.0014171         2.00409
      12         1.79599      0.00125835         1.77957
      13         1.59615      0.00112031         1.58436
      14         1.42482      0.00100283         1.41822
