100
4
0.5
custom
1

0.998666
0.864627
0.690923
0.546257
0.434291
0.349068
0.284132
0.234234
0.195469

-0.193607
0.523613
0.486753
0.0952178
-2.28542
-2.93589
-0.332854
0.622426
1.09906
0.513716
0.0741217
2.8089
-3.74459
6.71425
3.97909
0.871851
0.170164
-0.094888

   batch        P accept         n0 mean            +/-     n0 std dev          E mean            +/-      E std dev          P mean            +/-      P std dev
   total        0.500109         65.3561      0.0159826        22.6028         5222.47      0.0598589        84.6532        -2.48398      0.0182337        25.7864

    mode      occupation             +/-         std dev
      -4        0.951376     0.000689283        0.974793
      -3         1.63144      0.00118162         1.67106
      -2         3.48549      0.00265618          3.7564
      -1         12.2972       0.0111356         15.7481
       0         65.3561       0.0159826         22.6028
       1         10.4926      0.00842641         11.9167
       2         3.28716      0.00248149         3.50935
       3         1.57759      0.00115337         1.63111
       4        0.921078     0.000662672        0.937159
