100
5
0.5
custom
1

0.998666
0.864627
0.690923
0.546257
0.434291
0.349068
0.284132
0.234234
0.195469
0.164973
0.1407

-0.0316504
1.2751
0.813165
-2.19809
0.560024
3.80096
-4.13469
0.804019
1.22007
-0.579514
1.12661
-0.526127
0.993185
-0.0769455
1.37403
3.68919
6.06779
-0.725422
-0.535045
-1.51913
0.482567
0.587496

   batch        P accept         n0 mean            +/-     n0 std dev          E mean            +/-      E std dev          P mean            +/-      P std dev
   total         0.50007         43.4998      0.0176394        24.9459         5474.53       0.106923        151.212        0.306339      0.0283823        40.1386

    mode      occupation             +/-         std dev
      -5         1.20581     0.000866444         1.22534
      -4         1.75395       0.0012671         1.79195
      -3         2.91717      0.00212675         3.00768
      -2         5.83759      0.00436584         6.17423
      -1         16.4373       0.0119193         16.8564
       0         43.4998       0.0176394         24.9459
       1         16.5313       0.0118753         16.7942
       2         5.93181      0.00445911         6.30613
       3         2.91843      0.00212106         2.99963
       4         1.76972      0.00127819         1.80763
       5         1.19721      0.00085715         1.21219
