100
8
0.5
custom
1

0.998666
0.864627
0.690923
0.546257
0.434291
0.349068
0.284132
0.234234
0.195469
0.164973
0.1407
0.12114
0.105211
0.0920997
0.0812023
0.0720629
0.0643431

-0.166214
2.49943
-0.238667
-0.0262482
0.134092
-3.25367
0.134161
2.9752
-3.29908
-0.995492
-2.93349
0.272214
-2.69981
0.734113
0.693318
0.0364735
-0.55296
0.625218
0.11301
-1.45596
-1.80824
-1.95083
-0.27045
0.275902
3.06586
2.53881
1.87308
-0.733946
-0.240174
2.3998
0.290423
-2.94282
0.246328
0.872363

   batch        P accept         n0 mean            +/-     n0 std dev          E mean            +/-      E std dev          P mean            +/-      P std dev
   total        0.500046         13.8425      0.0085169        12.0447         6748.08       0.250305        353.984       -0.439571      0.0458708        64.8711

    mode      occupation             +/-         std dev
      -8         1.59035      0.00112611         1.59256
      -7         2.00284      0.00141703         2.00398
      -6         2.59356      0.00183215         2.59105
      -5          3.4625      0.00243333         3.44125
      -4         4.75395      0.00331006         4.68113
      -3         6.78589      0.00461797         6.53079
      -2         9.39159      0.00618725         8.75009
      -1         12.6928      0.00795842         11.2549
       0         13.8425       0.0085169         12.0447
       1         12.3441      0.00780706         11.0409
       2         9.41449       0.0062696         8.86656
       3         6.68043      0.00458353         6.48209
       4         4.78298      0.00331884         4.69354
       5         3.47669      0.00245136         3.46675
       6         2.59036      0.00182397         2.57949
       7         2.00522      0.00141637         2.00305
       8         1.58974      0.00112548         1.59166
