100
12
0
contact

-1.17477
0.751042
0.782746
0.00861659
0.878917
-1.45877
-2.85872
-0.581338
0.0272342
0.0431077
-3.04232
-1.06216
-0.484278
-4.44729
-2.82616
0.813099
-0.78491
1.14451
0.745929
-0.152379
0.137702
-1.18439
-0.709291
-0.252179
-1.29673
-1.01042
-0.491038
-0.0111724
0.4257
-0.0156866
-2.86613
-1.08729
1.25544
1.41476
-0.0561577
-1.22008
1.20353
-0.943072
-0.135239
0.789899
2.73697
-0.364791
-1.49464
-1.57338
-1.80774
0.901057
-1.64275
1.50473
-0.338662
-0.654345

Final quantities:
7.45452
6.68892
3026.79