100
13
0
contact

0.582569
-1.10089
1.67855
0.393584
2.0909
0.965731
-1.29326
1.47267
-1.53292
1.59755
-0.778273
0.633979
1.00212
0.0283232
-2.53521
-3.36375
-1.07964
-3.3061
-1.14889
0.360083
-0.275887
-0.144883
0.340304
-1.11498
0.772903
1.16933
-0.852146
-1.23087
-0.0408476
0.8822
-0.606954
-0.00837878
-0.426117
0.563778
1.5935
-1.12462
-2.18563
0.793808
2.52216
0.779718
2.75843
-2.03016
-0.0531538
-0.0623223
0.88189
0.505811
1.695
-1.3288
1.07755
-1.14546
-1.48094
1.41588
0.525799
-0.529917

Final quantities:
6.61795
5.98222
3663.53