100
14
0
contact

0.0649025
1.31585
-0.37189
-0.738785
-0.193675
-0.520519
0.0858698
-2.3334
-1.34634
0.0516564
1.53658
-1.16828
-2.6975
2.82256
-0.281061
3.74131
0.154027
-0.321673
-1.06969
-0.628463
2.27225
-1.29083
-1.11572
-1.07608
0.795995
1.63826
0.518134
1.07243
-0.315509
-0.977215
1.16917
0.979578
-0.594555
-0.0984512
1.28158
2.46345
-1.43109
1.76283
-0.355007
0.32266
-0.874535
0.938715
-0.290225
1.45672
0.207513
-2.67024
-0.662248
0.420184
0.311178
1.87204
-1.06847
-1.45707
-1.16772
1.57052
0.295208
-0.747563
1.10357
-0.531464

Final quantities:
5.96577
5.47852
4363.52