100
15
0
contact

0.905149
1.22602
-1.47449
-0.42805
0.00538345
0.440415
-0.665317
-0.21008
-3.18135
-1.40439
0.931375
0.678929
-0.872786
1.17943
1.02745
3.18201
-0.0158059
0.338477
-1.36859
-1.88055
-0.619644
0.170642
0.0366788
0.628895
-1.65289
-1.08624
-1.18897
-0.536889
0.174603
-0.0815522
-0.332587
-0.916123
-0.544981
0.120476
1.28693
-0.303655
-0.644061
0.958603
0.182709
-1.34456
1.19238
0.618942
3.2836
-1.4138
2.04605
-0.299758
1.44023
-0.20909
-1.59017
0.0555939
-0.883218
1.62295
-3.15328
-1.01644
-2.29243
-0.488577
1.23208
-0.567903
-0.932002
1.12186
0.338865
1.49519

Final quantities:
5.3816
4.92577
5108.44