100
16
0
contact

0.82288
0.7725
-1.6604
0.313638
-0.754187
-0.753905
0.484042
-0.62805
2.80712
1.67
-0.263804
1.16105
-0.705006
3.28181
-2.37019
0.142602
0.913505
1.67994
-1.6989
-0.112062
2.92106
-1.08857
-1.32899
-0.194279
-0.0179524
-0.0823618
2.40628
-0.285847
-0.055169
-1.45725
-0.560025
-0.546841
0.0546811
0.0305593
0.106886
0.224987
1.1234
0.533606
1.24309
-1.36379
1.11785
-0.740392
1.2898
0.834314
-1.08111
-1.33345
0.54402
-0.693287
-1.31444
0.964024
1.75576
1.53719
-2.16432
0.789864
-0.492762
0.926869
-0.550599
0.73149
1.28201
1.11828
-1.65874
0.69683
-0.715095
-0.123057
-0.461896
-1.8157

Final quantities:
4.95819
4.59333
5939.1