100
17
0
contact

0.829766
0.357233
-1.78766
-0.318728
0.661262
1.76759
0.170626
2.64307
-0.676392
0.818523
-1.02757
-0.540976
0.0931491
-2.04247
-1.04795
-0.903704
-0.570354
3.09953
1.01832
0.419288
2.0391
-0.197031
1.37645
-0.798653
-0.438063
-0.887773
-2.842
-1.12383
-0.0797841
1.31184
1.71693
0.56222
0.832736
0.559531
-0.894445
0.15521
-0.120808
0.601741
-0.323759
0.320387
-0.25251
-1.33959
0.771419
0.123923
0.895887
2.61197
-1.31948
-0.105356
1.09188
1.55146
2.2603
0.869327
-1.32732
-1.71729
-0.894606
0.185111
0.414304
2.18574
-1.62791
0.222831
0.828631
-0.594512
0.367746
0.167527
-0.160082
-2.15013
-0.803959
-0.0605116
-0.311092
-0.188182

Final quantities:
4.5763
4.28172
6830.68