100
18
0
contact

0.512237
-0.205158
0.0790281
-0.433316
0.17603
0.834561
0.0241901
0.251682
-1.00543
0.474755
1.19453
1.32545
-1.69625
0.439248
-1.38991
-0.105384
1.49376
2.52584
1.21504
0.175724
0.887613
1.22006
-0.726858
1.91079
-1.88095
0.873161
-0.337193
1.8512
0.240518
0.238377
-1.32862
-0.733504
-1.7134
-1.07839
2.18741
-0.607288
-0.0799677
-1.18849
1.03548
-0.105496
-0.827331
1.59582
1.10563
-0.91826
-1.08533
1.07445
2.08106
1.85773
-1.24945
-0.732166
-0.275835
0.243582
4.05043
0.451939
1.14862
-1.39823
1.25094
1.01598
-0.620104
-0.0633188
0.600369
-0.850672
1.41861
-0.00685479
0.26596
1.60533
1.26658
-0.0453217
-0.840206
1.38631
0.326477
0.28646
0.0389766
-0.0820862

Final quantities:
4.25252
4.0178
7791.07