100
19
0
contact

-0.143725
0.519674
-1.08597
0.159278
-0.862253
-0.144221
-0.128716
0.648087
0.20194
0.140442
-2.04275
-2.41945
-0.161406
0.582809
-0.712097
1.82858
-1.1912
-1.7924
0.244968
-0.998509
0.325092
0.0982963
0.793841
-0.505939
0.475329
0.276044
-0.864339
2.87802
-0.101531
-0.0323678
-0.832566
-1.27784
-0.433603
0.00263085
1.32506
1.57022
0.0325791
0.2915
-1.005
0.738231
-0.0630551
0.457846
-0.348613
0.480209
0.552365
-0.259648
2.08575
0.812709
0.720657
3.63538
-0.569719
0.40039
1.23465
-0.583449
1.13884
0.634399
2.23987
2.74447
0.791673
-0.224206
-0.652506
-1.30191
1.74154
-0.495523
1.35024
1.39967
-0.513146
-0.00795472
-0.684451
-1.82045
-1.6034
-1.38112
-0.788755
-0.467044
0.28865
0.561116
1.30592
-0.990275

Final quantities:
3.96597
3.73379
8817.38