100
20
0
contact

-0.844581
0.0254201
-1.82519
-0.19147
0.567165
-1.35954
0.0442713
2.04994
-0.861697
-0.548724
-1.93043
-0.846751
1.28383
0.779262
-1.32372
1.93323
-0.628315
-0.969287
0.541149
-0.341324
-1.7813
2.01472
-1.94328
-1.1829
0.00586308
0.998996
-1.57557
-1.04209
0.317516
1.11624
-0.615375
-0.200439
0.430217
-0.717059
-0.788724
-0.606143
0.668879
0.77826
-1.46691
0.187105
0.298929
0.610864
0.659362
0.811144
-0.822579
-0.580843
-0.155844
-0.670802
0.916482
-1.21602
-1.53264
-0.0256053
-0.846655
-1.67855
0.468059
0.371698
-0.671127
0.635381
-0.38341
-0.997899
-0.340863
0.807125
-0.936271
-1.1195
-1.46136
-3.8699
0.364704
-1.33272
-0.26504
1.8928
0.634524
-0.542739
-0.818035
-2.11303
-1.37649
0.625248
0.642317
-0.051119
0.703968
1.05788
1.2418
-0.19723

Final quantities:
3.71327
3.52034
9898.66