100
21
0
contact

0.763609
1.09378
-0.0711464
-0.486922
-0.0928164
-0.503001
-0.00793851
-0.257646
-1.25223
1.38891
-0.141177
-2.18948
1.69421
-1.23096
-0.350827
-0.0391546
-0.436579
-1.20246
0.143627
2.48772
-0.174813
-1.30803
-0.44212
1.65825
0.508327
-1.32573
0.961761
-2.26612
0.775039
-0.351411
1.65705
0.741197
-0.124073
-1.94144
1.29594
0.243677
0.110669
0.645899
-0.042146
0.528901
-0.000637107
0.75097
-0.725331
0.0671924
-0.919192
-1.06791
0.476381
1.41889
-0.366629
2.269
0.592629
0.175659
-1.75628
-0.894321
-0.746758
0.45832
-1.08746
1.22076
-0.34818
0.21061
0.598815
-0.898942
0.193422
-1.46177
-2.22984
0.20281
-0.015117
2.46374
-0.0544865
-1.37377
2.46438
0.471316
-0.488327
-0.894163
1.42404
-0.311833
1.7207
0.184763
-1.1866
-0.968566
-0.709143
-0.701025
0.426111
-0.850224
-0.610472
-1.45104

Final quantities:
3.43424
3.2747
11043.3