100
22
0
contact

1.33341
0.088124
0.195169
1.39101
-1.2618
-0.598389
0.950346
1.34259
1.05103
1.37237
0.807472
-0.87022
0.608226
-0.0949308
1.12598
1.22884
1.98174
0.32699
0.937896
-1.67352
0.900951
-1.3598
-0.37962
1.92232
0.052842
1.6857
-0.1942
0.815416
-0.83286
-0.0301145
-0.577582
2.00901
-0.983864
-0.743194
0.59355
1.1113
-0.199888
-0.22023
1.38529
0.441937
-0.345098
0.0453441
1.0263
-1.36292
-0.114897
0.138412
0.449633
0.733121
0.356308
-0.594355
1.60482
0.149224
0.0560895
-0.0679009
-0.779403
-1.2562
0.613064
1.31973
-1.63946
1.04043
1.68683
-1.32544
-1.64879
0.584758
0.378029
-0.864836
-0.0606372
1.09103
0.192315
-2.10939
0.360168
1.78919
-2.1647
1.14426
0.303793
-0.815896
-1.68467
0.843077
1.12806
0.883048
-2.50355
0.967196
0.967988
0.737253
-0.977403
-0.0985299
0.372735
-0.201708
0.880679
0.638973

Final quantities:
3.21051
3.02614
12298.7