100
23
0
contact

-0.413419
0.421782
1.43227
-0.613346
0.189243
0.583254
-1.44459
-0.435296
0.195779
-0.311204
-0.260262
1.75571
-1.91062
1.39901
0.449385
-0.633185
1.18265
-0.187096
0.876994
0.375438
0.110929
0.281441
0.328321
0.370242
0.211368
-0.904458
1.95722
-0.906996
-0.0666582
-0.295709
-0.826295
-0.00237342
-0.833575
1.13428
0.757808
0.46661
1.32333
-1.34866
1.28507
0.190147
0.812394
1.49909
0.0576591
-0.584724
0.2687
-0.369698
1.23941
-0.20561
-1.03222
0.127225
0.658384
-0.0826294
1.37454
1.40153
-0.426782
0.0815518
-0.020533
1.30396
0.277177
-2.5991
-0.10354
-1.14471
2.09658
0.343391
-0.604668
0.854705
0.58049
0.723042
-3.17453
-0.774024
0.0112678
-0.218281
0.566718
0.25628
2.74038
-0.298036
1.27969
2.34796
-0.131844
-0.864248
-2.93147
-0.826318
0.341846
-0.352484
0.306491
0.906721
0.885361
-0.358011
-0.228357
-0.670227
-0.715844
-0.649217
0.198219
-1.3042

Final quantities:
3.06782
2.91116
13592.4