100
24
0
contact

1.408
0.424004
-0.619547
-0.609463
-1.29771
0.436641
0.292528
0.740007
0.681535
0.557386
0.809646
1.21848
0.14155
0.254476
-1.20883
0.328184
0.134871
0.91585
-2.7331
1.43303
-0.484735
-0.994849
1.76204
0.234497
-0.875839
-0.480646
0.593584
-1.02821
-0.427451
0.565624
0.0707766
-0.773253
1.42566
-0.537384
-0.667269
-1.70388
-0.57195
0.00405585
-0.677017
-1.34846
0.08902
0.253307
0.388922
0.253995
-0.211862
0.762013
0.840007
1.17404
0.800187
1.18901
0.5468
0.715253
-0.215314
0.53222
0.843707
0.781208
-0.194118
-0.609602
0.907469
-0.0186545
0.124258
-1.64383
-0.94587
-1.12682
0.537836
2.49161
1.80242
-0.792275
0.359859
-0.225547
-1.44329
-1.65918
2.00419
1.01797
-1.03401
-2.72103
-0.633629
0.444755
-1.03798
-0.276236
-0.410008
1.23147
-0.793671
-1.30794
1.98955
0.035991
-1.59466
-0.273833
0.899156
0.25286
0.331295
-0.000984649
-1.59544
0.968942
0.388019
1.45459
0.379349
1.29457

Final quantities:
2.88289
2.74572
14929.9