100
25
0
contact

1.15071
0.814268
-0.659065
0.482331
0.15351
-0.169105
0.778568
0.183534
-1.33581
-0.519071
-1.0162
-0.734768
0.653847
-1.19458
-0.219593
1.76418
0.541419
0.917983
1.2896
-0.0431013
1.33239
2.40731
-0.328175
1.79675
-1.70134
-0.971396
1.56039
-0.175666
-0.218783
0.632673
0.195724
-1.58756
-0.823231
-2.47668
0.188826
0.760757
-0.618709
0.681619
0.0236986
-0.0178445
0.00364783
-1.67536
0.311458
-0.81018
0.273455
0.517332
-0.3097
-1.0392
1.26207
0.10542
0.415456
0.690652
0.648471
1.24877
0.844869
0.534739
-0.191832
-0.593349
0.0143801
-1.37334
-1.08682
-0.586471
1.33433
1.00904
1.31404
-0.0281744
0.0166492
-0.775969
0.340158
-1.95695
0.561654
0.63
-1.41968
2.37728
0.156214
-1.90962
-0.969713
1.04867
0.240134
0.237989
1.30284
0.368043
0.25768
-1.06376
0.777722
-0.835994
-1.33897
0.576113
0.560162
-0.713889
0.275102
-1.40817
0.0142744
-1.12297
0.433114
1.46851
1.27893
0.113354
-1.56136
0.994711
0.679871
-0.919168

Final quantities:
2.73397
2.61641
16349