3.906455704207762e-8
3.246023936439187e-7
1.4576663247637612e-6
4.698458147275894e-6
0.000012185469520437926
0.000027034162751925373
0.000053280604651790224
0.00009567884895794501
0.00015939222450539112
0.00024963265849216706
0.00037130095558347473
0.0005286700729956116
0.0007251385233939865
0.0009630663208524306
0.001243693800139326
0.0015671351309672241
0.0019324333603252834
0.002337661755868554
0.002780056307982439
0.0032561657140020403
0.0037620073777019274
0.004293220434132378
0.004845209232398457
0.005413272884225196
0.005992718318702762
0.00657895574564979
0.007167576536647117
0.007754414323157469
0.008335590635282497
0.008907546714780218
0.009467063281040824
0.010011270052007663
0.01053764675978717
0.011044017282156988
0.01152853835912056
0.011989684195191516
0.012426228075631799
0.012837221957020133
0.013221974834921237
0.013580030547424007
0.0139111455446085
0.014215267041079145
0.014492511871235559
0.014743146284077942
0.014967566844876157
0.015166282553622009
0.015339898243431476
0.015489099284589745
0.015614637590430332
0.015717318898505403
0.015797991283448946
0.015857534845590708
0.015896852510899916
0.015916861872490754
0.01591848800107948
0.01590265715091422
0.015870291288356746
0.01582230337211024
0.015759593316751665
0.015683044574493012
0.015593521273760319
0.015491865857081675
0.015378897164788878
0.015255408915062735
0.015122168534814257
0.014979916299737087
0.014829364745550046
0.01467119831594491
0.01450607321604598
0.014334617443264716
0.014157430970291566
0.01397508605760909
0.013788127675340739
0.013597074016475492
0.013402417085539466
0.013204623348632058
0.01300413443241752
0.012801367861174804
0.01259671782237049
0.012390555952443654
0.01218323213558819
0.011975075309298725
0.011766394271320615
0.0115574784834225
0.011348598868100232
0.011140008594932414
0.01093194385384761
0.010724624613039108
0.01051825535968106
0.010313025821966252
0.010109111671305841
0.009906675203810328
0.009705866000413161
0.00950682156520785
0.009309667941749951
0.009114520307230088
0.00892148354455624
0.00873065279249557
0.008542113974120462
0.008355944303882283
0.008172212773701617
