2.3641358177669504e-11
4.771740148804376e-9
9.299575758023783e-8
6.82669006446875e-7
2.951409728577808e-6
9.191791302033761e-6
0.00002293892308619253
0.00004883885537936986
0.00009231605532196834
0.0001591324173259272
0.00025492653492728795
0.00038479998002679205
0.0005529908958426037
0.0007626517976130601
0.0010157310521552304
0.0013129463826310982
0.0016538329545882254
0.002036846762137525
0.0024595048058868732
0.0029185458305387023
0.0034100983514858624
0.003929845793971081
0.004473181458125081
0.005035348530081383
0.0056115624138810246
0.006197114260544488
0.006787455758602838
0.007378266082842816
0.007965502439265928
0.008545435956463355
0.009114674812555809
0.009670176500052021
0.010209251057302495
0.010729556965379526
0.011229091246711924
0.011706175124070052
0.01215943641799624
0.012587789686034283
0.012990414943623437
0.013366735657499677
0.01371639656943738
0.014039241791536324
0.014335293513578932
0.014604731577303074
0.014847874100506385
0.015065159274318273
0.015257128408305488
0.015424410258905147
0.015567706645675096
0.015687779335788722
0.015785438158974065
0.01586153030172332
0.01591693072021781
0.015952533605280702
0.015969244829146263
0.015967975302379183
0.01594963516943382
0.015915128772731692
0.015865350317441858
0.015801180172115417
0.01572348174374351
0.0156330988695105
0.015530853671366914
0.015417544823446285
0.015293946186216647
0.015160805765029347
0.015018844954362684
0.014868758032522557
0.014711211874837581
0.014546845856458927
0.01437627191873993
0.014200074775826499
0.014018812240539824
0.013833015650883896
0.013643190380569608
0.01344981641882501
0.013253349006467165
0.013054219316756623
0.012852835170951567
0.01264958177973625
0.012444822502828435
0.012238899620083404
0.01203213510831774
0.01182483141888414
0.011617272251747569
0.011409723322451515
0.011202433118929012
0.010995633645612814
0.01078954115274003
0.010584356849134148
0.010380267597087267
0.010177446588262893
0.009976053999798723
0.00977623763001439
0.009578133513324089
0.009381866514122539
0.009187550899557062
0.008995290891222248
0.008805181195918438
0.008617307515703835
0.008431747037544138
