1.9171875518682901e-13
1.386105775218149e-10
5.5655436123837426e-9
6.704361227994124e-8
4.1745687623718207e-7
1.721743057855053e-6
5.371319559672155e-6
0.000013713835323939178
0.00003013401874807175
0.000058957296789216255
0.00010519962613566238
0.00017421774642469083
0.0002713225707899013
0.00040141102297668654
0.0005686561522441527
0.0007762780770512326
0.0010264030899878305
0.0013200068486391766
0.0016569302761076093
0.00203595308550925
0.002454908875728544
0.0029108266356101067
0.00340008547326377
0.00391857186512186
0.004461831282937107
0.005025208446126413
0.005603972520131314
0.006193425281347621
0.006788991593441161
0.007386292519039632
0.007981202071998185
0.008569889051530041
0.00914884564226664
0.009714904560684095
0.010265246518562716
0.010797399691358872
0.011309232749860319
0.011798942857459846
0.012265039867809696
0.012706327789226606
0.013121884420318
0.01351103991056941
0.013873354862761115
0.014208598472304533
0.014516727092112823
0.01479786351995515
0.01505227722745386
0.015280365684772467
0.015482636881291395
0.015659693098830897
0.015812215958944068
0.015940952738234496
0.016046703924418107
0.016130311969927237
0.016192651188341744
0.016234618731035724
0.016257126576464942
0.016261094461903606
0.016247443686673975
0.016217091716580815
0.016170947521019243
0.016109907576781574
0.016034852475713818
0.015946644076874864
0.015846123147581215
0.015734107441556094
0.015611390166252213
0.015478738795209635
0.01533689418499242
0.015186569959779756
0.015028452130044334
0.014863198914913807
0.014691440740772305
0.014513780391413388
0.014330793287604629
0.014143027876272134
0.013951006111666164
0.013755224012836813
0.01355615228353974
0.013354236982318034
0.013149900231976996
0.012943540958996476
0.012735535654619637
0.012526239150429387
0.012315985402184012
0.012105088276541068
0.01189384233606314
0.011682523618578692
0.011471390407573985
0.011260683990825866
0.01105062940495593
0.010841436164001517
0.010633298970463308
0.010426398407608286
0.010220901612085585
0.010016962926155365
0.009814724529041216
0.009614317047098649
0.009415860142648634
0.009219463081459418
0.009025225278973809
