4.2902276862645895e-9
2.3424764695921302e-7
2.1263975450788875e-6
9.222092708551396e-6
0.00002702715115448385
0.00006229516472108256
0.000122180384184488
0.0002134832419472949
0.0003420789593318102
0.0005125467684680798
0.0007279806216644944
0.0009899469113900383
0.0012985513004643632
0.0016525795060996172
0.002049682361270519
0.0024865817328248987
0.002959279861443446
0.003463259909722116
0.003993669788610581
0.004545484683701676
0.0051136462146244375
0.005693177962394824
0.006279278326744669
0.006867392454613622
0.0074532654221598415
0.008032979047225402
0.008602974730515259
0.009160064628952448
0.009701433297104505
0.010224631724258615
0.010727565468637698
0.01120847836233732
0.011665933041398057
0.012098789351583834
0.012506181495571998
0.01288749462296364
0.013242341420959567
0.013570539139944564
0.013872087383229887
0.014147146902145937
0.014396019564741323
0.014619129606701435
0.014817006224986145
0.014990267536455902
0.015139605893905547
0.015265774529108904
0.015369575475506936
0.01545184871101065
0.01551346245314394
0.015555304533656777
0.01557827477714963
0.015583278307622203
0.015571219707741259
0.015542997957640137
0.015499502082909766
0.015441607444869427
0.015370172610014755
0.015286036739571775
0.015190017444213711
0.015082909053125556
0.014965481250655997
0.01483847803772337
0.014702616978902336
0.014558588699684424
0.01440705660176233
0.01424865676732476
0.014083998026264345
0.013913662162895947
0.013738204241263176
0.01355815303038373
0.013374011512859869
0.013186257462168898
0.012995344075661745
0.012801700651847539
0.012605733301939691
0.012407825686896872
0.01220833977232067
0.012007616594582462
0.011805977032454663
0.011603722579325916
0.011401136111795293
0.011198482651075191
0.010996010114194462
0.010793950052489412
0.010592518375307582
0.010391916057233127
0.010192329827479547
0.009993932840389727
0.00979688532623951
0.009601335221764108
0.009407418780019057
0.009215261159353852
0.009024976991418809
0.00883667092824756
0.008650438168560839
0.00846636496352442
0.008284529102266847
0.008105000377523005
0.00792784103181888
0.007753106184652772
0.007580844241159468
