100
12
0.5
custom
1

0.998666
0.864627
0.690923
0.546257
0.434291
0.349068
0.284132
0.234234
0.195469
0.164973
0.1407
0.12114
0.105211
0.0920997
0.0812023
0.0720629
0.0643431
0.0577658
0.052119
0.0472357
0.0429982
0.0392943
0.03604
0.0331665
0.0306186

-1.44315
-0.34852
0.417396
0.343403
1.24301
-0.0800614
0.574139
2.46459
-0.534485
0.268921
3.06522
-2.32874
-2.576
1.59739
-0.433346
-2.29708
-0.521112
1.53837
1.46638
-0.283958
0.525681
0.0851987
0.101519
0.695604
0.658365
0.26127
1.69744
1.61927
0.742733
1.59194
-1.17246
-0.696531
-0.53281
1.84171
1.83632
-0.53688
2.17461
1.78385
2.27093
0.15096
0.595909
1.65201
-1.07539
3.26502
-0.856317
0.393763
-0.590812
0.571586
-2.4774
0.304446

   batch        P accept         n0 mean            +/-     n0 std dev          E mean            +/-      E std dev          P mean            +/-      P std dev
   total        0.499682         7.19854      0.0046951        6.63987          9016.1       0.452584         640.05         0.29696      0.0640529        90.5844

    mode      occupation             +/-         std dev
     -12          1.4982      0.00105611         1.49357
     -11         1.72871      0.00121409         1.71698
     -10         2.00126      0.00140583         1.98815
      -9         2.32977      0.00163148         2.30726
      -8         2.73919      0.00191388         2.70663
      -7         3.19963       0.0022182           3.137
      -6         3.78248      0.00261101         3.69252
      -5         4.45021      0.00302833          4.2827
      -4         5.14984      0.00348503         4.92858
      -3         5.91839      0.00394795         5.58324
      -2         6.49548      0.00429636         6.07598
      -1         7.08516      0.00464033         6.56241
       0         7.19854       0.0046951         6.63987
       1           7.029       0.0046027          6.5092
       2         6.55774      0.00432523          6.1168
       3         5.91569      0.00395616         5.59486
       4         5.16546      0.00349487         4.94249
       5         4.45762      0.00304228         4.30243
       6         3.79716      0.00261894         3.70374
       7          3.2087      0.00222601         3.14805
       8         2.72487      0.00190051         2.68772
       9         2.33201      0.00163432         2.31128
      10         2.00073      0.00140294         1.98405
      11         1.73034      0.00121545         1.71891
      12         1.50381      0.00106008         1.49917
