100
13
0.5
custom
1

0.998666
0.864627
0.690923
0.546257
0.434291
0.349068
0.284132
0.234234
0.195469
0.164973
0.1407
0.12114
0.105211
0.0920997
0.0812023
0.0720629
0.0643431
0.0577658
0.052119
0.0472357
0.0429982
0.0392943
0.03604
0.0331665
0.0306186
0.0283481
0.0263175

-0.282841
-0.884515
-0.623517
1.18933
-0.950434
0.0770946
1.69838
-0.0277626
-2.97487
-0.433114
-1.77526
1.0833
1.86575
-0.506251
-0.0369928
-0.430833
-3.20705
-1.89213
0.475548
-1.57931
0.6375
-1.62528
0.573663
0.237224
-0.0548941
-0.484544
2.36242
-0.537562
-1.63957
-0.182397
-0.853656
-2.67158
-0.166375
-0.106634
-1.63378
-2.14793
-0.692831
1.82079
-1.38437
0.693103
-2.32421
0.60224
2.3295
-0.795524
0.745235
-1.43893
2.34505
1.28251
0.490576
-0.940089
-0.970129
-1.23105
-0.913809
-0.119916

   batch        P accept         n0 mean            +/-     n0 std dev          E mean            +/-      E std dev          P mean            +/-      P std dev
   total        0.500392         6.42904      0.0042251         5.9752         9685.62       0.510479        721.927       -0.122906      0.0681519        96.3814

    mode      occupation             +/-         std dev
     -13         1.46344      0.00102916         1.45545
     -12         1.65978      0.00116429         1.64655
     -11         1.88991      0.00132418         1.87267
     -10         2.16729      0.00151738          2.1459
      -9         2.48212      0.00172872         2.44478
      -8         2.86157      0.00198827         2.81183
      -7         3.30222      0.00227837          3.2221
      -6         3.79612      0.00259741         3.67329
      -5         4.36297      0.00296661         4.19541
      -4         4.93705      0.00333457          4.7158
      -3         5.52473      0.00370056         5.23337
      -2         6.00976      0.00397938         5.62769
      -1         6.34492      0.00416742         5.89363
       0         6.42904       0.0042251          5.9752
       1         6.32348      0.00415918         5.88197
       2         6.01374      0.00398054         5.62934
       3         5.50581      0.00368233          5.2076
       4         4.94854      0.00333524         4.71674
       5         4.35788      0.00296602         4.19459
       6         3.79085      0.00260495         3.68395
       7         3.31918      0.00229292         3.24268
       8         2.86565      0.00198524         2.80755
       9         2.48154       0.0017286          2.4446
      10         2.15009      0.00150786         2.13243
      11         1.89434      0.00132892         1.87937
      12         1.65564      0.00116219         1.64359
      13         1.46231      0.00102686          1.4522
