100
16
0.5
custom
1

0.998666
0.864627
0.690923
0.546257
0.434291
0.349068
0.284132
0.234234
0.195469
0.164973
0.1407
0.12114
0.105211
0.0920997
0.0812023
0.0720629
0.0643431
0.0577658
0.052119
0.0472357
0.0429982
0.0392943
0.03604
0.0331665
0.0306186
0.0283481
0.0263175
0.0244857
0.0228437
0.0213682
0.0200226
0.0187982
0.0176825

0.4806
-0.38698
-0.79166
-2.57147
0.834255
-0.829371
-0.875449
1.67384
1.95415
0.985149
0.423662
-2.09368
-0.189954
2.75141
-0.709116
0.666552
0.538656
-1.90336
-2.08476
1.25221
1.68427
0.0473631
-1.05557
-0.35665
-0.423258
0.338
-0.935802
-0.702769
-1.47914
-2.13528
-0.0179952
-0.941788
-0.902714
-0.134827
-0.561979
0.114754
-0.249964
0.785682
-0.359012
1.52577
-1.00815
0.770179
-1.86473
1.54072
0.304804
-1.18827
-0.434063
1.29532
-1.39995
-1.22679
-1.12744
-0.342081
-2.93357
-0.660969
2.18243
-0.768472
2.49498
-0.222145
0.326591
0.13555
-1.41183
-0.852262
-0.762896
1.2578
-0.257438
-0.766961

   batch        P accept         n0 mean            +/-     n0 std dev          E mean            +/-      E std dev          P mean            +/-      P std dev
   total        0.499864         4.85097     0.00323155         4.5701         12015.5       0.707995        1001.26         0.16078      0.0802147        113.441

    mode      occupation             +/-         std dev
     -16         1.35043      0.00094972         1.34311
     -15         1.48568      0.00104279         1.47472
     -14         1.63166      0.00114093         1.61352
     -13         1.80397      0.00126028         1.78231
     -12         1.98616       0.0013864         1.96066
     -11         2.20305      0.00153203         2.16661
     -10         2.43387      0.00168538         2.38348
      -9         2.70383      0.00186155         2.63262
      -8         2.98227      0.00204497         2.89202
      -7         3.28844      0.00224428         3.17389
      -6         3.60588      0.00245701         3.47473
      -5         3.89495      0.00263752         3.73002
      -4         4.20995      0.00282747         3.99865
      -3         4.48017      0.00299797         4.23977
      -2         4.68408        0.003122         4.41518
      -1         4.81042      0.00319436         4.51751
       0         4.85097      0.00323155          4.5701
       1         4.81823      0.00320105         4.52697
       2          4.6797      0.00312304         4.41664
       3         4.48497      0.00300314         4.24708
       4         4.21497      0.00283727          4.0125
       5         3.91987      0.00265061         3.74853
       6          3.6061      0.00244588           3.459
       7         3.28735       0.0022453         3.17533
       8         2.98719      0.00205405         2.90487
       9         2.69216      0.00185812         2.62778
      10         2.44671      0.00169256         2.39364
      11         2.19943      0.00152876         2.16199
      12         1.98748       0.0013858         1.95982
      13          1.8068      0.00125959         1.78133
      14         1.62841      0.00114155          1.6144
      15         1.48655       0.0010438         1.47616
      16         1.34831     0.000946664         1.33878
