100
6
0.5
custom
1

0.998666
0.864627
0.690923
0.546257
0.434291
0.349068
0.284132
0.234234
0.195469
0.164973
0.1407
0.12114
0.105211

-1.66849
1.22337
0.244943
0.726463
-1.48587
2.99109
5.47808
2.43966
0.750909
-2.12969
-0.694042
-0.497667
0.96949
1.22519
-0.673802
-1.00381
-1.66434
2.26845
-1.98233
-1.31421
3.03831
-3.463
0.0912782
-1.71431
-0.733548
-0.0541021

   batch        P accept         n0 mean            +/-     n0 std dev          E mean            +/-      E std dev          P mean            +/-      P std dev
   total        0.499924         26.2316       0.014109        19.9531         5843.29       0.157324         222.49        0.258724      0.0357472        50.5542

    mode      occupation             +/-         std dev
      -6          1.4276      0.00102011         1.44265
      -5         1.96976      0.00140828         1.99161
      -4         2.86321      0.00204646         2.89413
      -3         4.57702      0.00326676         4.61989
      -2         8.44445      0.00596331          8.4334
      -1         17.5042       0.0111177         15.7229
       0         26.2316        0.014109         19.9531
       1         17.6809       0.0112401         15.8959
       2         8.40493      0.00592312         8.37656
       3         4.63323      0.00334839         4.73533
       4         2.88122      0.00206978         2.92711
       5         1.95658      0.00139863         1.97796
       6         1.42533      0.00101816         1.43989
