100
9
0.5
custom
1

0.998666
0.864627
0.690923
0.546257
0.434291
0.349068
0.284132
0.234234
0.195469
0.164973
0.1407
0.12114
0.105211
0.0920997
0.0812023
0.0720629
0.0643431
0.0577658
0.052119

-0.12671
-0.387628
-0.164074
0.156594
3.04162
3.26817
0.0379434
-3.22393
2.59195
2.38151
2.52795
-0.0341292
1.67438
-1.72527
-2.16468
1.50896
0.0827732
-1.04862
0.503824
0.165972
0.810627
0.956174
-0.256306
0.416914
-0.14056
-0.0861886
-0.0476022
3.03001
1.32312
2.73116
3.26616
-0.559372
0.657505
-0.691277
-1.19003
1.08235
-1.14246
0.726269

   batch        P accept         n0 mean            +/-     n0 std dev          E mean            +/-      E std dev          P mean            +/-      P std dev
   total        0.499702         11.3682     0.00715301        10.1159         7255.52       0.296512        419.331       -0.185377      0.0506558        71.6381

    mode      occupation             +/-         std dev
      -9         1.58629      0.00112118         1.58558
      -8         1.95234      0.00137647         1.94662
      -7         2.42576      0.00170787          2.4153
      -6          3.0686      0.00214995         3.04048
      -5         3.97619      0.00276377         3.90856
      -4         5.24192      0.00361621          5.1141
      -3         6.84716      0.00462988         6.54763
      -2         8.78378       0.0057934          8.1931
      -1          10.452      0.00672207         9.50644
       0         11.3682      0.00715301         10.1159
       1         10.4056      0.00667742         9.44329
       2         8.83263      0.00583426         8.25089
       3         6.86975      0.00466248         6.59374
       4         5.19176      0.00358721         5.07307
       5         3.98301      0.00277303         3.92166
       6         3.06783      0.00215415         3.04643
       7         2.42151      0.00169651         2.39923
       8         1.93947      0.00136591         1.93169
       9         1.58623      0.00111999         1.58391
