-0.00422708 -50.56994421588486
-0.00530558 -80.34988802430752
-0.00642979 -119.6483450536033 
-0.00756194 -167.5915444862222
-0.00872025 -225.4055008174064
-0.00975015 -284.1310824449543
-0.0111063 -371.9099499045633
-0.0120437 -439.4148889442668 
-0.0130439 -517.3288501399335 
-0.0145321 -645.7428979625604
-0.0157454 -760.0932371148144 
-0.0170621 -896.6153500566995 
-0.0192185 -1139.987458959557
-0.0184451 -1049.278506857502
-0.0216005 -1445.602517167073 
-0.0198664 -1208.633017629651
-0.0125379 -439.9452261350876





 


