100
18
-0.0125379
contact

-0.0993568
-0.13373
0.138307
0.000393164
0.0141707
0.0697297
0.0572054
-0.0265423
0.0560881
0.236685
-0.149723
-0.426933
-0.195246
0.757736
0.942579
-1.70997
-2.73136
1.59032
4.47322
-0.104915
-3.32236
-1.03657
1.21942
0.827764
-0.484299
-0.556692
0.0750734
0.314616
-0.0637385
-0.0997387
-0.044598
-0.0921736
0.0113383
-0.0435411
-0.0241882
-0.0342516
0.0993795
-0.042015
-0.0270189
-0.024326
-0.030252
-0.112129
0.153882
0.0945248
-0.0769979
0.109161
-0.0502348
0.471314
-0.260236
-0.87029
-0.51753
1.26421
2.01627
-1.90688
-3.74432
0.765143
4.13933
0.689912
-2.23464
-0.953939
1.08304
0.381642
-0.270121
-0.102878
0.0191855
0.069651
0.0958688
-0.0487341
-0.149042
0.132375
0.0334732
0.0889511
-0.0466591
-0.00749203

