100
15
-0.0184451
contact

0.110413
-0.0685553
0.160925
-0.279795
0.264808
-0.365547
0.487931
-0.710504
0.828857
-0.889117
0.821132
-1.20792
1.29111
-1.69574
1.67349
-1.80372
1.64981
-1.27096
0.960383
-0.716612
0.610494
-0.470453
0.118584
-0.255877
-0.0614385
0.0167931
0.111439
0.08972
0.126062
0.0266635
-0.0289094
-0.041866
0.0618182
-0.165635
0.13406
-0.190739
0.29706
-0.354644
0.550135
-0.655302
1.06147
-1.12399
1.81934
-2.43589
2.87427
-3.39923
3.24665
-3.07812
2.88044
-2.55417
2.04024
-1.33464
1.44872
-1.01102
0.97836
-0.663724
0.332145
-0.417871
0.221308
-0.330128
0.106068
-0.0119348
