100
13
-0.0170621
contact

-0.058508
-0.271356
-0.286654
-0.375364
-0.44831
-0.391329
-0.0605595
0.0440888
0.681262
1.69471
2.51547
3.46664
3.39952
2.6677
1.52188
-0.0887984
-1.01127
-1.44185
-1.47097
-1.16059
-0.694113
-0.440038
-0.143354
-0.124208
0.182902
-0.0563472
0.0368921
-0.140324
-0.0179132
-0.0562809
0.0597681
0.252927
0.470901
0.812965
0.937162
1.49974
1.04112
0.648262
-0.4747
-1.81461
-2.66812
-3.60517
-3.19027
-2.51297
-1.622
-0.513756
-0.230588
0.375521
0.538657
0.370011
0.0761574
0.189777
0.0899341
0.040523
