100
17
-0.0198664
contact

-0.0109942
0.0732359
0.142715
0.162512
-0.0386316
0.169498
0.0515074
0.0755042
0.00942941
0.0987592
0.125821
0.0254796
-0.0410408
-0.269594
-0.457237
-0.769948
-0.749342
-1.09389
-1.01799
-1.18539
-1.00928
-1.03893
-0.903522
-0.671196
-0.673897
-0.584471
-0.274152
-0.22128
-0.242644
-0.377787
-0.240777
-0.22692
-0.217204
-0.125175
-0.0114509
0.184077
0.146819
0.193783
0.178097
0.0905675
0.316612
0.495892
0.52191
0.75615
0.617322
1.07583
1.16118
1.78303
2.24294
2.9402
2.85086
3.64118
3.63255
3.11677
2.74679
2.78523
1.89969
1.56771
1.31878
0.906628
0.678973
0.414845
0.301156
0.217241
0.22845
0.132634
0.112808
-0.0184826
0.0636056
-0.0148342
