100
16
-0.0216005
contact

-0.0263986
-0.146179
0.126407
-0.0160029
0.265274
-0.191398
0.102835
-0.447084
0.241263
-0.222281
0.401745
-0.403946
0.255284
-0.118375
-0.0134067
-0.0553058
-0.231545
0.499733
-0.488252
0.574316
-0.657918
0.591762
-0.376838
0.432883
-0.255736
0.510304
-0.328367
0.144655
-0.0988255
0.171186
-0.116479
0.112572
-0.148049
0.12465
-0.0513354
0.145972
-0.345968
0.348919
-0.479878
0.457086
-0.550458
0.857129
-1.09149
1.49828
-1.84911
2.34399
-2.73676
3.3853
-3.37689
3.61241
-3.20036
2.66873
-2.59809
2.36446
-1.83514
1.56693
-1.25804
0.889983
-0.734191
0.502031
-0.374641
0.380761
-0.189491
0.216529
-0.12285
0.126897
