100
14
-0.0192185
contact

0.0344072
0.00556542
-0.249502
-0.0351578
0.0317687
-0.26823
-0.0953219
-0.33171
-0.613827
-0.962466
-1.42714
-2.01168
-2.60964
-2.99948
-3.21614
-3.2193
-2.87536
-2.65403
-2.00823
-1.86251
-1.5143
-1.14283
-0.791979
-0.618464
-0.488545
-0.327678
-0.104534
-0.132844
-0.0323655
0.229485
0.175858
0.269717
0.257453
0.242746
0.620456
0.810631
1.06943
1.08016
1.58493
1.72403
1.82434
2.03531
1.89514
1.90049
1.57479
0.982141
0.664646
0.297451
0.140305
0.248146
0.0281981
-0.0310119
-0.197482
-0.251277
-0.21631
-0.163209
-0.106463
-0.0822919
