100
12
-0.00530189
contact

1.03309
-0.550225
0.515674
-1.47784
-0.815121
-0.121496
0.66228
-1.82134
-1.8242
0.207091
0.59658
-0.197921
0.860167
-2.1011
0.841232
2.66517
-1.76055
-0.29044
-1.95668
-0.127938
-0.336832
1.21884
-0.461089
-0.454649
0.281863
-0.6008
0.456766
0.412078
-1.60022
1.19455
-0.34843
2.21571
2.06902
2.3064
1.90866
2.18889
1.33183
-0.828512
2.02659
-2.72664
2.27508
3.60552
-0.666989
1.28744
0.722354
-0.00244214
1.63959
-0.733466
-0.255931
0.0381211

   batch        P accept         n0 mean            +/-     n0 std dev          E mean            +/-      E std dev          P mean            +/-      P std dev
   total        0.499996         9.06964     0.00556998        7.87714            2421       0.345041        487.961       -0.162308      0.0567426        80.2462
