100
10
-0.00530189
contact

-0.902947
-0.00153199
1.42935
-1.18196
-0.201973
1.27434
-1.09858
2.96432
-0.935358
0.621101
-3.87443
-0.970316
-0.0881199
1.21548
-2.27578
0.950776
2.64311
-0.320841
0.102071
1.21536
-0.130021
0.810858
-0.389898
0.426312
0.225578
-1.63046
-0.437021
0.550078
2.70241
3.0038
-1.7337
1.99503
-3.11665
-2.93799
-0.766153
-0.647663
0.394121
-0.577061
1.41963
-0.171566
0.881224
0.737212

   batch        P accept         n0 mean            +/-     n0 std dev          E mean            +/-      E std dev          P mean            +/-      P std dev
   total        0.500473         12.6068     0.00732202        10.3549         1423.21       0.228003        322.445        0.028303      0.0469539        66.4028
