100
11
-0.00530189
contact

-0.361398
1.07623
-1.2589
0.689841
1.00291
2.14317
-0.0575299
2.55241
-3.83659
0.85285
1.34108
2.92086
-0.591695
-0.585336
0.917423
3.12567
-0.0365167
2.42648
1.06076
0.0165855
-1.1943
-0.826226
0.667056
0.440514
-0.0599034
-0.0177552
0.914741
0.232197
0.531119
0.312656
1.17415
0.367898
-2.49103
3.35156
-1.81213
-0.238468
1.73033
-0.123526
2.10866
0.839179
1.56604
-1.3036
-0.76543
1.1065
-0.00841018
-0.0218605

   batch        P accept         n0 mean            +/-     n0 std dev          E mean            +/-      E std dev          P mean            +/-      P std dev
   total        0.500081         10.7091      0.0063939        9.04234         1888.15       0.283264        400.596         -0.4256      0.0519991        73.5378
