100
10
0.5
custom
1

0.998666
0.864627
0.690923
0.546257
0.434291
0.349068
0.284132
0.234234
0.195469
0.164973
0.1407
0.12114
0.105211
0.0920997
0.0812023
0.0720629
0.0643431
0.0577658
0.052119
0.0472357
0.0429982

0.411549
-1.08657
0.649346
-0.478029
-0.720462
-1.34596
-0.20392
-1.06725
2.27692
-3.74039
2.06344
-0.313591
0.29829
2.24117
-0.565831
-0.684384
-0.643489
1.01895
-1.26876
1.15427
-0.592194
-0.757572
0.767415
0.618615
0.74779
2.13581
2.25411
2.69339
2.42785
0.0502277
-1.93793
-1.60842
3.03552
2.17064
-0.132981
-2.29921
-0.975734
-0.394683
-1.54119
1.4386
-0.254161
-2.05509

   batch        P accept         n0 mean            +/-     n0 std dev          E mean            +/-      E std dev          P mean            +/-      P std dev
   total        0.500087         9.51674     0.00611149        8.64295         7799.74       0.346084        489.436       0.0661147      0.0551669        78.0178

    mode      occupation             +/-         std dev
     -10         1.56936      0.00110637         1.56464
      -9         1.87769      0.00131909         1.86547
      -8         2.26928      0.00159388         2.25408
      -7         2.77003      0.00193838         2.74128
      -6         3.42593      0.00238073         3.36687
      -5         4.27607      0.00294726         4.16805
      -4         5.36181      0.00365902         5.17464
      -3         6.61202      0.00444489         6.28602
      -2         7.95684      0.00523064         7.39723
      -1         9.13386      0.00590157         8.34608
       0         9.51674      0.00611149         8.64295
       1         9.06114      0.00587663          8.3108
       2         7.96919      0.00525553         7.43244
       3         6.64793      0.00446474          6.3141
       4         5.33225      0.00364129         5.14956
       5         4.31736      0.00298601         4.22285
       6         3.43105      0.00239253         3.38354
       7         2.76512      0.00193689         2.73918
       8         2.25789      0.00158169         2.23685
       9         1.87888      0.00132078         1.86787
      10         1.56958      0.00110477         1.56238
