100
11
0.5
custom
1

0.998666
0.864627
0.690923
0.546257
0.434291
0.349068
0.284132
0.234234
0.195469
0.164973
0.1407
0.12114
0.105211
0.0920997
0.0812023
0.0720629
0.0643431
0.0577658
0.052119
0.0472357
0.0429982
0.0392943
0.03604

-0.647507
-1.12314
1.30936
0.0191314
-0.105692
-0.0849432
-0.128592
1.09189
2.02567
2.09764
-2.64976
-3.31627
2.85936
1.84709
-0.345825
2.84366
-0.29778
0.409368
-1.52106
-0.592568
-1.95379
-0.00592478
0.0204818
1.17034
0.950637
-0.290993
2.66194
0.00557959
-1.42045
1.86024
1.06334
0.754495
2.49674
-0.577399
1.59862
-0.118184
1.27085
-1.73327
1.53778
-0.756009
1.20112
-1.9296
1.54671
0.725005
-0.303794
0.912068

   batch        P accept         n0 mean            +/-     n0 std dev          E mean            +/-      E std dev          P mean            +/-      P std dev
   total        0.499596         8.19684      0.0053232        7.52814         8387.25       0.397763        562.521        0.062422      0.0597504        84.4997

    mode      occupation             +/-         std dev
     -11         1.53584      0.00108346         1.53225
     -10         1.80219      0.00127035         1.79655
      -9         2.12666      0.00149038         2.10771
      -8         2.53268      0.00176929         2.50215
      -7         3.03705      0.00211441         2.99022
      -6         3.67719      0.00255009         3.60637
      -5         4.40164      0.00303108         4.28659
      -4         5.31011       0.0035925         5.08057
      -3         6.27739      0.00419361         5.93065
      -2         7.26657      0.00479944         6.78743
      -1         7.95137      0.00516322         7.30189
       0         8.19684       0.0053232         7.52814
       1         7.90497      0.00515199         7.28601
       2         7.24091      0.00476654          6.7409
       3          6.2865      0.00420307         5.94403
       4         5.31495      0.00360756         5.10186
       5         4.44044      0.00303934         4.29828
       6         3.66279      0.00252626         3.57267
       7          3.0328      0.00211229         2.98723
       8         2.53002      0.00176793         2.50023
       9         2.13325      0.00149635         2.11615
      10         1.80288       0.0012665         1.79111
      11         1.53499      0.00108367         1.53253
