100
12
0.5
custom
1

0.998666
0.864627
0.690923
0.546257
0.434291
0.349068
0.284132
0.234234
0.195469
0.164973
0.1407
0.12114
0.105211
0.0920997
0.0812023
0.0720629
0.0643431
0.0577658
0.052119
0.0472357
0.0429982
0.0392943
0.03604
0.0331665
0.0306186

0.158607
-1.64352
-0.304548
1.19327
0.9786
-1.99253
-1.84283
-1.44466
0.78734
-0.516275
-0.984094
3.02267
-0.547432
-1.47637
2.62976
-2.45224
1.05241
0.216901
2.62718
0.18856
-0.795959
-0.742471
0.426371
0.469484
0.996444
0.111572
-1.62236
-0.234531
-0.113113
-2.22274
-1.84112
1.31903
0.747489
-0.262472
-0.571609
-0.797025
-2.44375
0.607848
0.576756
-1.37351
3.61836
-0.0181723
-1.76855
-1.70522
0.402774
0.38312
2.35105
-0.480511
0.141137
-0.354529

   batch        P accept         n0 mean            +/-     n0 std dev          E mean            +/-      E std dev          P mean            +/-      P std dev
   total        0.499723         7.25748      0.0047436        6.70847         9014.29       0.452059        639.308        0.449473      0.0639115        90.3845

    mode      occupation             +/-         std dev
     -12         1.49966      0.00105423         1.49091
     -11         1.72879      0.00121513         1.71845
     -10         1.99378      0.00140165         1.98223
      -9         2.33644      0.00162965         2.30467
      -8          2.7201      0.00189481         2.67967
      -7         3.19959      0.00221541         3.13306
      -6         3.78111       0.0026045         3.68331
      -5         4.43611      0.00303009          4.2852
      -4         5.14764      0.00347198         4.91013
      -3         5.89465      0.00394256         5.57562
      -2         6.55802      0.00432714          6.1195
      -1         7.02981      0.00461024         6.51986
       0         7.25748       0.0047436         6.70847
       1          7.0152      0.00458923         6.49015
       2         6.63151       0.0043679         6.17714
       3         5.87577      0.00392804         5.55509
       4         5.16273      0.00349452           4.942
       5         4.43723      0.00302705         4.28089
       6         3.77889       0.0025974         3.67327
       7         3.21576      0.00222046          3.1402
       8         2.73189      0.00190673         2.69652
       9         2.32955      0.00162869         2.30332
      10         1.99997      0.00140269          1.9837
      11         1.73319      0.00121781         1.72224
      12         1.50511      0.00106022         1.49937
