100
14
0.5
custom
1

0.998666
0.864627
0.690923
0.546257
0.434291
0.349068
0.284132
0.234234
0.195469
0.164973
0.1407
0.12114
0.105211
0.0920997
0.0812023
0.0720629
0.0643431
0.0577658
0.052119
0.0472357
0.0429982
0.0392943
0.03604
0.0331665
0.0306186
0.0283481
0.0263175
0.0244857
0.0228437

0.793186
1.6481
-0.772297
-0.518028
-0.0733219
-0.921785
0.551311
-0.388597
-0.156503
-2.237
1.03431
3.20694
-1.10614
1.5787
-0.854541
1.07045
0.158941
0.594535
-0.390626
0.276234
-0.939458
-0.782664
-0.808044
0.177887
0.180552
0.378689
0.280756
-0.758507
1.67742
1.52017
0.0411
-0.235613
-0.65871
1.16001
0.0526015
-0.0439004
-1.33429
1.00298
0.819353
-1.29641
-4.2445
-2.02311
1.2963
0.68743
-1.68886
1.81539
2.78486
0.623243
1.59783
-0.369212
0.95817
-1.0031
2.31376
1.57467
-0.765991
1.91124
-0.816375
-0.936328

   batch        P accept         n0 mean            +/-     n0 std dev          E mean            +/-      E std dev          P mean            +/-      P std dev
   total        0.500061         5.81784     0.00384024        5.43091         10409.9        0.57174        808.563      -0.0865353      0.0723422        102.307

    mode      occupation             +/-         std dev
     -14         1.42435      0.00100094         1.41554
     -13         1.59745      0.00112361         1.58903
     -12         1.79801      0.00125957          1.7813
     -11         2.01733       0.0014085         1.99192
     -10          2.2917      0.00159803         2.25995
      -9         2.60105       0.0018078         2.55662
      -8         2.95644      0.00204607         2.89358
      -7         3.34627      0.00229872         3.25088
      -6         3.76204      0.00257219         3.63763
      -5         4.23903      0.00287446          4.0651
      -4         4.70215      0.00316449         4.47527
      -3         5.12437      0.00342263         4.84032
      -2         5.47952      0.00362965         5.13309
      -1         5.73497      0.00377511         5.33881
       0         5.81784      0.00384024         5.43091
       1         5.74265      0.00380051         5.37473
       2         5.48481      0.00365377         5.16721
       3         5.15855      0.00345469         4.88566
       4         4.71978      0.00318309         4.50156
       5         4.22432      0.00286994          4.0587
       6         3.76951      0.00257229         3.63777
       7          3.3458      0.00230168         3.25506
       8         2.95079       0.0020406         2.88584
       9         2.58936       0.0017984         2.54333
      10         2.29236      0.00159788         2.25974
      11         2.02109      0.00141283         1.99804
      12         1.79237      0.00125748         1.77835
      13         1.59316      0.00111795         1.58103
      14         1.42293     0.000999423          1.4134
