100
16
0.5
custom
1

0.998666
0.864627
0.690923
0.546257
0.434291
0.349068
0.284132
0.234234
0.195469
0.164973
0.1407
0.12114
0.105211
0.0920997
0.0812023
0.0720629
0.0643431
0.0577658
0.052119
0.0472357
0.0429982
0.0392943
0.03604
0.0331665
0.0306186
0.0283481
0.0263175
0.0244857
0.0228437
0.0213682
0.0200226
0.0187982
0.0176825

0.490151
0.501801
0.223251
1.76252
-2.37754
0.595009
-0.122429
-1.50436
-0.142832
1.22692
0.600289
0.251678
-3.24463
-1.19172
-0.424912
1.00474
-1.06232
-1.57127
1.2604
-0.962607
0.400873
-1.10018
-0.69113
-2.58046
-2.35878
2.48263
-0.420625
-0.307626
-0.728755
0.822526
-0.227255
1.13262
-0.376998
0.415002
0.639874
0.0142772
-1.08933
-0.128788
1.06629
0.358895
-1.3342
0.977762
0.282363
-2.39253
2.28401
1.1966
-0.143143
0.3719
-3.25096
-0.0599439
-0.829967
0.376326
-1.22968
0.433586
-1.75295
0.158226
-1.04441
-0.98832
0.287092
-0.125745
-0.0841837
-1.67231
-0.181059
-0.0232446
0.833119
1.83854

   batch        P accept         n0 mean            +/-     n0 std dev          E mean            +/-      E std dev          P mean            +/-      P std dev
   total        0.499955         4.87181     0.00323892        4.58052         12013.1       0.706617        999.308       0.0395119      0.0802276        113.459

    mode      occupation             +/-         std dev
     -16            1.35     0.000947049         1.33933
     -15         1.48286      0.00103801         1.46797
     -14          1.6304      0.00114175         1.61468
     -13         1.79892      0.00125658         1.77708
     -12         1.98949      0.00138487         1.95851
     -11         2.20401       0.0015332         2.16827
     -10         2.43113      0.00168336         2.38063
      -9         2.70242      0.00186441         2.63668
      -8         2.98632      0.00205221         2.90227
      -7         3.28073      0.00224454         3.17426
      -6         3.59427      0.00244412         3.45651
      -5         3.91328      0.00265683         3.75733
      -4          4.2225      0.00284721         4.02656
      -3         4.48383      0.00299365         4.23365
      -2         4.69204      0.00313308         4.43084
      -1         4.81493      0.00319536         4.51893
       0         4.87181      0.00323892         4.58052
       1         4.80266      0.00319887         4.52388
       2         4.67209      0.00310117         4.38572
       3         4.48452      0.00299928         4.24162
       4         4.22008      0.00284423         4.02234
       5         3.91815      0.00264826         3.74521
       6           3.593      0.00244307         3.45502
       7         3.28217      0.00224314         3.17228
       8         2.97742      0.00204439         2.89121
       9         2.69431       0.0018569         2.62605
      10         2.43624      0.00168808         2.38731
      11         2.21014       0.0015352          2.1711
      12         1.99397      0.00139085         1.96696
      13         1.80447      0.00125922         1.78081
      14         1.63282      0.00114285         1.61623
      15         1.48281      0.00104113         1.47238
      16          1.3462      0.00094472         1.33604
