100
17
0.5
custom
1

0.998666
0.864627
0.690923
0.546257
0.434291
0.349068
0.284132
0.234234
0.195469
0.164973
0.1407
0.12114
0.105211
0.0920997
0.0812023
0.0720629
0.0643431
0.0577658
0.052119
0.0472357
0.0429982
0.0392943
0.03604
0.0331665
0.0306186
0.0283481
0.0263175
0.0244857
0.0228437
0.0213682
0.0200226
0.0187982
0.0176825
0.0166607
0.0157153

0.332219
1.17697
0.0796669
-0.0241753
1.76839
0.402723
-0.168618
-1.84704
-0.372299
0.217201
0.42414
-0.827618
-0.982343
0.324937
-0.130586
2.54298
0.0198851
-2.64819
0.841758
2.1184
2.4938
1.24302
-0.386632
0.518975
0.213866
0.865688
2.10884
0.359147
0.952278
-1.06679
-0.521576
1.22287
-1.13253
-0.684653
0.186102
0.147374
-0.0218881
0.440052
1.23575
0.593485
-1.26416
-1.60676
-0.806808
1.50019
-2.49566
2.01058
-0.70514
0.757928
-1.85424
0.287433
-0.81005
3.10615
1.23819
-0.36466
0.745464
-0.0124562
0.475858
-1.33958
-0.331316
-0.998967
-0.987502
0.0966295
-0.889497
1.38421
0.359723
1.65735
1.02962
0.632325
-2.01797
-0.0786424

   batch        P accept         n0 mean            +/-     n0 std dev          E mean            +/-      E std dev          P mean            +/-      P std dev
   total        0.500331         4.51515     0.00301027        4.25717         12898.3       0.780486        1103.77         0.15982       0.084134        118.983

    mode      occupation             +/-         std dev
     -17         1.31442      0.00092333         1.30579
     -16          1.4322       0.0010035         1.41916
     -15         1.56584      0.00109352         1.54647
     -14         1.71486      0.00119822         1.69454
     -13         1.87013      0.00130726         1.84875
     -12         2.05159      0.00142486         2.01506
     -11         2.25744      0.00156441         2.21241
     -10          2.4693      0.00170718         2.41431
      -9         2.70327      0.00186493         2.63741
      -8         2.95994      0.00202923         2.86976
      -7          3.2161      0.00219631         3.10605
      -6         3.47179      0.00236376         3.34287
      -5          3.7265      0.00252004         3.56388
      -4         3.96778      0.00267166         3.77829
      -3         4.19176        0.002811         3.97535
      -2         4.35959      0.00291407         4.12112
      -1         4.42005      0.00294563         4.16575
       0         4.51515      0.00301027         4.25717
       1         4.48532      0.00298828         4.22606
       2         4.36371       0.0029124         4.11875
       3         4.19794      0.00282097         3.98945
       4         3.96762      0.00267851         3.78798
       5         3.74457      0.00253711         3.58801
       6         3.47987      0.00236165         3.33988
       7         3.21619       0.0021977         3.10802
       8         2.95874      0.00202534         2.86427
       9         2.71079      0.00186774         2.64138
      10         2.46862      0.00170612         2.41281
      11         2.25911      0.00157036         2.22082
      12         2.04868      0.00142579         2.01637
      13         1.87585       0.0013082         1.85007
      14         1.70711      0.00119271         1.68675
      15         1.56743      0.00109781         1.55254
      16         1.42778      0.00100096         1.41557
      17         1.31296     0.000921048         1.30256
