100
4
0.5
custom
1

0.998666
0.864627
0.690923
0.546257
0.434291
0.349068
0.284132
0.234234
0.195469

-1.38968
0.178501
0.411213
-0.817264
-6.44002
3.5864
-0.454127
-0.872021
-0.249155
-0.859399
0.0684066
-1.14655
-2.89064
-5.38769
0.0133781
0.873291
1.03521
0.748174

   batch        P accept         n0 mean            +/-     n0 std dev          E mean            +/-      E std dev          P mean            +/-      P std dev
   total        0.499962         61.0386      0.0185822        26.2792         5229.99      0.0621781        87.9332        -6.41856       0.023904        33.8054

    mode      occupation             +/-         std dev
      -4        0.976255     0.000711279          1.0059
      -3          1.7111      0.00127461         1.80257
      -2         3.86246      0.00316734          4.4793
      -1         15.6225       0.0144451         20.4285
       0         61.0386       0.0185822         26.2792
       1         11.0238      0.00974349         13.7794
       2         3.27368       0.0024806         3.50809
       3         1.57008      0.00115046           1.627
       4        0.921449      0.00066566        0.941385
