100
5
0.5
custom
1

0.998666
0.864627
0.690923
0.546257
0.434291
0.349068
0.284132
0.234234
0.195469
0.164973
0.1407

-0.628818
1.47348
-0.345374
-0.858591
-0.0708391
1.40003
-2.52991
-1.37632
0.271966
1.67084
-0.167367
1.65801
0.19411
-1.67031
0.773982
0.106785
8.53677
-0.110919
0.219219
1.88243
0.537848
-0.68325

   batch        P accept         n0 mean            +/-     n0 std dev          E mean            +/-      E std dev          P mean            +/-      P std dev
   total        0.500657          42.534      0.0177451        25.0953          5476.2       0.108075        152.841      -0.0426645      0.0290492        41.0818

    mode      occupation             +/-         std dev
      -5         1.19626     0.000859656         1.21574
      -4         1.77023       0.0012772         1.80624
      -3         2.94264      0.00213751          3.0229
      -2         5.93265      0.00440121         6.22425
      -1         16.9561       0.0122776         17.3631
       0          42.534       0.0177451         25.0953
       1         16.7625        0.012116         17.1346
       2         5.99405      0.00452231         6.39551
       3         2.92938      0.00214901         3.03915
       4         1.78075       0.0012942         1.83028
       5         1.20144      0.00086591         1.22458
