100
7
0.5
custom
1

0.998666
0.864627
0.690923
0.546257
0.434291
0.349068
0.284132
0.234234
0.195469
0.164973
0.1407
0.12114
0.105211
0.0920997
0.0812023

-0.0233306
-0.0139547
-0.328103
1.68175
-1.29548
-3.34682
-3.07715
1.14594
-3.15886
4.14438
-0.844871
2.20893
-0.496343
-0.923197
0.347337
1.15149
0.467368
-1.48434
0.213513
-0.549944
2.61363
4.28961
-0.6528
-1.17231
1.315
2.04902
0.448703
0.986237
1.0655
0.264861

   batch        P accept         n0 mean            +/-     n0 std dev          E mean            +/-      E std dev          P mean            +/-      P std dev
   total        0.499966          18.057      0.0107628        15.2209         6275.01       0.205002        289.917      -0.0239663      0.0412523        58.3396

    mode      occupation             +/-         std dev
      -7         1.54073      0.00109451         1.54787
      -6         2.03043      0.00144824         2.04812
      -5         2.77255      0.00198228         2.80336
      -4         3.94495      0.00281316          3.9784
      -3         5.96946      0.00422035         5.96848
      -2         9.65963      0.00654771         9.25986
      -1         15.0657      0.00949172         13.4233
       0          18.057       0.0107628         15.2209
       1         15.0689      0.00944866         13.3624
       2          9.6008      0.00653169          9.2372
       3         5.99141      0.00420507         5.94687
       4         3.96362      0.00279717          3.9558
       5         2.76877      0.00196366         2.77703
       6         2.02607      0.00144235         2.03979
       7         1.54002      0.00109194         1.54423
