100
8
0.5
custom
1

0.998666
0.864627
0.690923
0.546257
0.434291
0.349068
0.284132
0.234234
0.195469
0.164973
0.1407
0.12114
0.105211
0.0920997
0.0812023
0.0720629
0.0643431

1.16143
2.15086
0.987388
1.66456
1.8797
-0.443236
2.2329
-2.25685
-1.40036
5.86805
-0.210715
-1.26204
-1.20985
0.0560397
1.06074
0.848562
-1.31058
0.610854
0.359751
-0.755336
-1.62807
0.155099
1.21933
1.60216
-2.46953
0.443493
-2.64093
-0.0696414
-2.72104
-0.25656
1.27369
1.39453
1.12599
0.166

   batch        P accept         n0 mean            +/-     n0 std dev          E mean            +/-      E std dev          P mean            +/-      P std dev
   total        0.500203         13.8775      0.0085747        12.1265         6747.44        0.25107        355.067      -0.0216048      0.0458686        64.8679

    mode      occupation             +/-         std dev
      -8         1.58542      0.00112478         1.59068
      -7         2.01336      0.00142075         2.00925
      -6         2.59032      0.00183169         2.59041
      -5         3.46408      0.00243313         3.44097
      -4         4.76696      0.00332847         4.70716
      -3         6.66576      0.00459508         6.49842
      -2          9.5188      0.00633853         8.96404
      -1         12.4854      0.00787919         11.1428
       0         13.8775       0.0085747         12.1265
       1         12.4339      0.00790481         11.1791
       2         9.47935       0.0062694         8.86626
       3         6.68306      0.00456382         6.45422
       4         4.78261      0.00334452         4.72986
       5         3.46248      0.00244544         3.45838
       6         2.60592       0.0018411         2.60371
       7           1.995      0.00140938         1.99317
       8         1.59006      0.00112815         1.59544
