100
9
0.5
custom
1

0.998666
0.864627
0.690923
0.546257
0.434291
0.349068
0.284132
0.234234
0.195469
0.164973
0.1407
0.12114
0.105211
0.0920997
0.0812023
0.0720629
0.0643431
0.0577658
0.052119

0.394075
0.210842
-2.08129
2.02254
-1.36529
0.766916
-2.84405
2.26314
2.39595
2.68483
0.93837
-0.831887
-4.39065
1.41299
-1.21474
-0.77712
1.15529
-1.32259
-0.434029
-1.23661
-0.44136
0.914743
-2.08385
-0.815231
-0.163934
0.257489
1.45339
0.106361
2.47842
2.75087
-0.845846
0.0654834
2.62283
0.29382
-1.58012
0.40415
0.361759
-0.772544

   batch        P accept         n0 mean            +/-     n0 std dev          E mean            +/-      E std dev          P mean            +/-      P std dev
   total        0.500162         11.1872     0.00709213        10.0298         7258.38       0.297896        421.289       -0.021672      0.0506941        71.6923

    mode      occupation             +/-         std dev
      -9         1.59299       0.0011255         1.59169
      -8         1.94502       0.0013734         1.94228
      -7         2.43451      0.00171386         2.42377
      -6         3.09633      0.00216782         3.06576
      -5         4.00833      0.00278589         3.93985
      -4           5.217      0.00359424         5.08302
      -3         6.80487      0.00461484         6.52637
      -2            8.74      0.00578065         8.17507
      -1          10.546       0.0067386         9.52982
       0         11.1872      0.00709213         10.0298
       1          10.558      0.00674229         9.53504
       2         8.76975       0.0057581         8.14318
       3         6.83804      0.00462562         6.54162
       4         5.21697       0.0035888         5.07532
       5          3.9974      0.00277405          3.9231
       6         3.07888      0.00215177         3.04306
       7         2.43275      0.00170848         2.41615
       8         1.94698      0.00137071         1.93848
       9         1.58893      0.00111893         1.58241
