100
12
0.005
contact

0.525163
0.443314
1.29091
1.54225
-0.0721791
0.771105
1.2909
-0.657629
0.793553
0.0657639
1.03188
3.09474
2.75811
0.0665764
-2.79606
-0.387438
-0.272507
-1.55756
-0.687722
-0.530447
-1.72784
0.696079
0.809059
0.56492
-2.27597
-1.01409
-0.357512
1.20858
-2.02322
-1.27597
-0.412238
-1.64149
0.448567
2.03451
-0.495419
2.01104
1.86913
2.68529
-2.46521
3.07234
0.358218
1.73157
0.20132
-1.21897
-1.18174
-0.381415
0.374669
-0.145019
-0.794762
0.0875445

Final quantities:
7.45574
6.75392
3117.67