100
15
0.005
contact

-1.085
0.14809
1.05865
2.00533
1.05369
-0.347371
1.34986
-0.773833
0.336312
1.08886
0.0857947
0.17237
-0.116724
0.845404
0.0996724
-1.22783
-1.54298
2.51692
-0.386447
-3.05884
-0.37123
-1.02277
0.584398
1.42259
0.103787
0.56581
-0.194073
0.203711
0.0981525
1.447
-0.67342
1.20127
0.756756
0.586059
0.326138
-0.572403
1.32298
-0.185658
0.618501
-3.05142
-1.5238
2.12656
0.0976628
0.696963
0.675979
-0.404244
-2.49551
-1.98571
-1.59962
2.97518
-2.79647
0.144727
1.12661
-0.229681
-1.16223
-1.19925
-1.78266
-0.0335907
-0.711377
0.185292
0.107361
1.48053

Final quantities:
5.48836
4.99531
5212.25