100
16
0.005
contact

0.277824
-0.312508
0.466793
0.255514
-0.544521
-3.07385
-1.38636
-1.03309
-0.305687
-0.651182
1.45271
-1.58717
0.0931977
1.61148
-1.0288
1.6805
0.945672
0.513616
3.08868
1.3876
0.366775
2.15044
0.0281392
0.85347
-0.540939
3.25466
-1.25698
-0.794864
-0.576782
-0.45396
-0.709473
-0.117408
1.22473
-1.4222
-0.560872
-0.51588
0.0736134
0.862863
-0.758471
-1.16654
1.0255
-1.50527
0.116693
0.139032
0.394618
2.5625
-0.858246
1.74292
-0.529106
2.07447
-2.70513
0.0314457
-0.00343962
0.153346
-0.762741
-0.57706
-0.20704
1.68411
-0.584052
-1.31667
-2.00522
-0.441866
0.462288
0.17004
-0.0213842
-0.134654

Final quantities:
5.00465
4.64385
6041.24