100
17
0.005
contact

-0.370375
-1.45196
-0.676741
-0.00422448
0.981064
-0.481459
0.0460324
0.288297
-0.198393
-1.10661
-1.91427
2.34088
-0.816825
0.0957432
-1.48027
-0.550603
2.5823
0.718789
2.59858
1.35861
-0.983359
-0.839329
-0.445876
0.133718
0.154643
-1.2175
1.05509
-2.4018
-1.36476
0.0482625
-1.66447
0.994613
0.559958
0.575784
-0.477688
-1.65083
-0.0736481
0.644134
-1.71965
0.911365
-0.307739
0.0579688
1.37108
1.84555
-0.314881
-0.960518
0.707109
0.528046
0.51931
-0.443634
-0.949836
3.61997
1.66955
0.103037
-0.267188
-1.78952
-0.711363
-0.343306
-0.25507
2.13206
1.2093
2.02593
0.12511
1.05319
1.65072
-0.419642
0.177986
-0.0134864
-0.271437
-0.534302

Final quantities:
4.58564
4.2815
6927.15