100
20
0.005
contact

-0.785625
-0.959954
1.37245
0.874053
-1.20135
-1.08117
0.984682
-0.396344
-0.125378
-0.139972
1.022
-1.31617
-0.285509
0.171417
-0.888564
0.852297
-2.03391
0.0706665
-0.785488
-0.937727
1.33515
0.61673
-0.878711
-2.54566
0.635388
-0.533551
-0.204059
-2.35877
-3.21504
0.0942923
-0.287932
0.24677
0.828517
1.67698
-0.510392
1.37707
0.49421
-0.102758
1.17226
-0.454173
0.643499
0.0836998
0.0816222
0.138827
-1.06202
-1.32279
1.17589
0.190758
-0.389919
-1.51024
2.47177
0.549124
-1.59281
-0.341572
0.982178
-0.365385
2.2078
-1.85785
1.13185
0.783539
-0.0469904
-0.643995
1.03626
-1.10713
-0.775952
-0.195963
-2.38462
-1.79126
-0.126107
-0.524568
0.493569
-0.0549776
-0.0430197
-2.10516
-0.778847
-0.537116
1.36082
-0.172318
-0.141154
0.827632
0.0277367
0.205169

Final quantities:
3.72872
3.51456
10008.9