100
21
0.005
contact

-0.438303
-0.298798
1.24799
-0.159699
-0.276353
-0.580725
0.317234
-0.645192
0.609164
0.389809
0.0776555
-1.33392
1.43454
0.719718
-1.40368
1.63343
0.0724965
-1.33206
0.431707
-1.18437
-3.58315
1.00425
0.269571
0.181852
1.40942
-1.75859
-0.318888
1.32326
0.505467
-1.63221
-1.33312
0.848783
1.43351
0.351986
-1.59076
-0.0699765
1.0495
1.00371
0.0414253
0.437267
0.855089
-1.07032
-1.68653
-1.63244
-0.34427
1.79398
0.127146
0.91382
1.13355
-0.781497
0.311059
-0.73717
0.408579
-1.84723
0.250615
-1.19721
1.35799
0.749019
-0.687
-0.23632
-0.335185
0.174449
1.22344
-3.00731
0.843852
1.29305
1.28571
-1.1619
0.587522
1.10204
-0.45697
-0.485063
-2.32527
0.529286
-0.654855
0.660918
-0.0817425
-1.10969
-0.506034
0.880146
0.268503
-0.494637
0.634535
0.0981732
-0.528048
0.986525

Final quantities:
3.40711
3.20239
11164.9