100
22
0.005
contact

-1.18398
0.943187
-0.58326
-1.06738
0.775489
-0.679594
-0.893609
-1.52568
-0.428829
0.642109
-1.49359
1.19057
0.513849
-0.62902
-1.21324
-0.503357
-0.1243
-2.31021
0.083842
0.209619
0.630446
2.18428
1.37131
-1.89981
0.781293
-3.17288
-1.04924
0.379423
-0.77893
-0.0407191
0.332596
0.829243
-1.08121
-0.656334
-0.383708
-0.188011
0.27454
-1.43585
0.171982
0.712609
-0.99961
-0.424023
0.283606
-1.60509
-0.00378656
0.431664
-0.894841
-1.21199
0.572072
-0.97811
-0.718888
0.32424
0.716684
-1.09875
1.23023
1.09675
-0.0431482
1.20936
0.788662
-1.35052
0.790359
-1.56515
-1.07598
-0.245637
-0.556481
-0.515237
0.824544
-1.22894
1.98108
-0.435666
-0.735912
-0.324273
-0.500463
0.648689
2.30124
-1.75961
-1.19606
-0.232634
-1.31355
-1.18078
2.02377
0.794378
0.845601
-0.286827
-1.88523
0.517099
0.226982
-0.320848
-0.0888263
-0.151659

Final quantities:
3.24176
3.06098
12382.4