100
24
0.005
contact

1.25094
-0.814122
1.07329
0.566661
-0.501101
-0.13328
0.938564
0.50596
1.77453
-1.37682
-0.927108
-0.175578
0.384195
0.252695
0.280274
0.444272
0.633158
2.27253
1.32994
-2.29189
-0.0728511
-0.119748
-0.924278
1.01996
1.69845
0.31698
0.672997
0.551132
0.246508
-1.81401
2.33391
-0.794095
-0.550129
1.47683
-1.93378
0.937754
1.52416
0.343111
1.07273
0.931081
0.0998007
-0.982926
-0.0301739
0.792513
0.28418
0.64957
0.399926
-0.195262
-0.425006
0.144909
0.652128
0.808648
-0.241555
-0.821457
-0.511031
1.93998
-0.131578
-0.550148
-0.396257
1.16271
0.130077
1.12716
1.4795
-1.54038
-0.324465
-1.67896
1.05589
0.219944
-0.536501
0.96056
0.824644
0.916852
1.24913
-0.0769791
1.08505
-0.693977
-0.412327
1.54887
-0.635071
-0.0440827
-0.388057
-0.0217003
0.84093
-0.142294
2.82812
-1.51873
-0.229854
0.355866
-1.99846
-0.283444
-0.739064
1.06999
0.123134
-1.04912
0.270269
0.603293
1.20806
0.239556

Final quantities:
2.87344
2.73605
15026.4