100
16
-0.00975015
contact

-0.484753
0.587469
1.04112
0.218174
0.524671
0.630835
1.73897
1.43217
1.06676
-0.242789
0.383412
1.18274
-0.414117
-1.37777
4.1391
0.464163
1.36526
1.92645
-0.109778
-0.968767
2.20569
0.060238
1.17117
0.0294248
-0.903492
1.17258
0.16575
-0.805845
-1.13936
-0.461118
0.225358
-0.730033
0.834422
-0.69746
-0.0484977
-0.351237
-0.258592
-1.13381
0.102202
0.211158
0.241918
-0.341617
0.585444
0.746935
-1.64351
-0.570656
-1.87415
-3.7566
0.668377
0.5156
2.98428
-0.637617
-2.75218
-1.04157
0.889845
-0.660319
1.56188
-1.55761
0.521925
-0.754743
-0.0337044
0.00162921
-0.169489
0.275348
-1.01244
1.20691

   batch        P accept         n0 mean            +/-     n0 std dev          E mean            +/-      E std dev          P mean            +/-      P std dev
   total        0.499872          8.2604     0.00511481        7.23343         3525.59       0.446323        631.196       -0.931906      0.0589995        83.4379
