100
21
-0.00975015
contact

-0.0274368
-0.175745
0.941265
-0.634359
0.237426
0.310526
0.0670916
-1.5369
0.278488
1.18322
-1.64356
0.0789884
-0.426889
0.185872
-0.555347
-1.46618
1.12734
2.34598
1.49916
-1.80509
4.07433
0.700549
0.370783
0.628682
-1.60625
3.15532
-0.546159
-1.60028
1.28145
0.722304
-0.832093
-0.787253
0.429754
0.214352
-0.9464
-0.163327
0.141892
0.200628
-0.828711
-1.76227
-0.556726
0.159107
-0.682522
-0.972171
-0.8389
-0.747662
0.265675
-0.0798917
-0.351306
-0.279583
-1.02183
-0.636856
-1.36716
-1.1977
1.12358
1.15801
0.296733
-0.891674
0.593494
2.49237
0.0677175
0.843061
-1.11074
-0.564154
1.00278
0.090617
-0.0135053
0.611769
-0.275446
-1.25052
0.920241
0.231665
-1.12749
-1.25577
1.2288
0.986386
-0.140036
0.619614
-0.31678
-1.39446
-0.879136
-0.617445
-0.0814894
0.340553
0.930875
1.14438

   batch        P accept         n0 mean            +/-     n0 std dev          E mean            +/-      E std dev          P mean            +/-      P std dev
   total        0.500133         4.61271       0.003037        4.29497         8320.83       0.886059        1253.08        0.463498      0.0817963        115.677
