100
23
-0.00975015
contact

0.236061
-0.951552
0.030473
0.203308
0.898537
0.081194
-0.366244
-1.21403
-0.582945
-0.449469
-1.93452
-0.115765
1.15113
-0.191626
-0.982581
2.81209
1.06541
1.58628
-1.90027
-0.881628
-0.772089
0.19495
2.06472
-0.997529
1.0006
1.77939
0.134504
1.77045
-0.299773
0.963577
-0.0321584
-1.17959
-0.363385
1.14628
0.369124
-0.41266
0.487597
0.61826
0.142111
1.03547
-1.72562
1.16682
0.18675
0.496397
0.719832
-0.204184
-0.246022
-0.940311
0.284086
-0.23263
-0.000240693
-0.427689
0.321671
1.14629
-0.265495
-1.66046
-0.626016
-0.662352
-0.956745
-0.0638059
1.2253
0.151437
-0.0569685
0.115547
-0.189253
-1.38008
2.13204
1.44838
1.1282
1.40834
-0.536049
-1.76857
-1.88595
0.708318
0.444478
-0.625287
-1.76313
2.40614
0.237501
-0.20269
-1.23662
1.8968
-0.101813
-0.493437
0.229692
1.74249
-0.835385
0.16184
-0.212793
0.21639
-0.477645
-0.753772
1.28072
-0.560835

   batch        P accept         n0 mean            +/-     n0 std dev          E mean            +/-      E std dev          P mean            +/-      P std dev
   total        0.500189         3.91179     0.00260208        3.67989         10754.7        1.08398        1532.97       0.0630096       0.090055        127.357
