100
24
-0.00975015
contact

-0.452611
0.180067
-0.76883
-0.297163
1.16837
0.01094
0.43656
1.62983
0.149387
-0.283026
-0.0617822
1.62017
-0.392393
0.0943361
0.488715
-0.485103
-1.50336
-0.525903
-0.294358
-0.849846
-0.916963
-1.85519
-0.717616
0.849834
-0.136614
2.64359
-0.15702
-0.33928
-1.49173
-0.934375
-1.60176
-0.481637
-0.536886
-1.52031
-0.195077
-1.20703
2.04887
0.309005
-0.198831
-0.455272
0.141697
-0.318228
-0.880829
-0.802917
0.112636
-1.06716
0.084784
-0.107121
-0.0347082
0.206862
1.09562
0.54316
-0.110522
0.644607
-0.187751
-2.30456
-0.0483018
-0.653473
-0.337309
-0.364482
0.367398
-1.53628
-0.201591
-0.539585
-0.569876
-1.02896
0.14342
-1.49735
2.59118
2.69195
-0.639383
-1.63956
-0.144078
-0.27926
1.30159
0.808161
-0.733738
-1.68888
-0.0936005
-1.43577
-1.73919
1.03929
-1.16694
-1.26813
-1.97338
-0.0712131
0.172287
0.51281
-0.241545
0.716431
1.85073
0.862341
-0.820958
1.33211
-0.304769
0.120545
0.472509
-0.185389

   batch        P accept         n0 mean            +/-     n0 std dev          E mean            +/-      E std dev          P mean            +/-      P std dev
   total        0.499996         3.62236     0.00242553        3.43022         12072.7        1.18905        1681.57        0.444772      0.0940253        132.972
