100
25
-0.00975015
contact

0.00410109
-0.0624846
-0.218534
1.6004
1.26726
0.217975
-1.08453
-0.370065
-0.6563
1.33321
-1.58605
0.551818
0.615287
1.27356
0.0237945
-0.765715
0.159054
-0.146777
0.322025
-0.952422
0.535954
0.381639
0.318306
-1.44241
1.2073
1.42872
-2.57763
0.412079
0.679749
0.129072
-1.71303
0.136955
2.74954
0.393017
1.18231
0.757986
0.882729
1.27307
-0.248473
0.573804
1.06976
0.567377
-0.677725
1.58539
0.0695513
-0.318874
-1.4506
-0.231282
0.600182
-0.186324
-0.371303
-0.0130884
0.512631
-1.33662
-0.126474
0.257429
-0.601556
0.201943
-0.883695
-0.915428
-0.520154
-0.731971
0.71016
-0.224205
1.78167
-0.303912
-0.580761
1.3273
0.993967
-2.51232
1.44028
-0.739343
0.981621
1.11271
-0.12201
-1.80973
-0.357066
1.53817
-1.38344
0.219612
-1.3474
-0.535212
0.28437
1.29464
0.817485
-1.38482
-1.53105
0.754934
-1.5892
2.07422
0.601116
0.569419
-0.21271
0.0419834
0.837887
0.730805
-0.229639
0.161218
0.49389
-0.30367
0.552792
0.22287

   batch        P accept         n0 mean            +/-     n0 std dev          E mean            +/-      E std dev          P mean            +/-      P std dev
   total        0.500258         3.39411      0.0022739        3.21579         13451.6        1.29343        1829.18        0.768492      0.0980174        138.617
