100
26
-0.00975015
contact

-0.568825
-0.0235828
-0.361121
0.375819
0.206592
-1.10071
-0.762405
-0.922484
0.259988
0.231186
0.907782
-0.452833
0.35909
-0.78536
0.0251929
-0.239062
-1.40478
1.02263
0.258307
-0.0800466
2.13628
-0.18166
0.558318
-2.05762
0.663789
-2.47914
1.50545
0.395794
-0.523582
0.243991
2.57312
0.450546
0.255889
-1.03949
-0.0680422
-0.728785
0.727532
1.07814
-0.696662
-1.61885
1.03806
-0.17782
0.776825
-1.1976
-1.08396
-1.36777
-0.766331
0.688931
-0.344407
-0.16511
0.257671
-0.401729
0.49795
0.702341
1.03129
0.980493
0.0267365
-0.95257
1.06634
-0.282253
0.378781
-1.24356
-1.67046
-1.37074
-1.08933
0.344583
-1.57168
-0.0137895
-0.806496
0.290447
-0.695584
0.242077
-1.85661
-0.103538
-1.10019
0.787639
1.02259
1.71657
-0.754655
-2.06989
0.351064
0.297124
1.4155
-0.243821
-0.895802
0.44996
-2.06095
0.734111
-0.485603
-0.667682
-1.66249
0.24093
-0.743251
-1.53785
-0.724679
-0.258772
-2.05123
-0.574682
-0.556056
-1.06763
-0.192744
-0.0840609
0.633903
0.490799
0.251774
-0.0148812

   batch        P accept         n0 mean            +/-     n0 std dev          E mean            +/-      E std dev          P mean            +/-      P std dev
   total        0.500049          3.1539     0.00212879        3.01056         14911.2        1.39988        1979.73       -0.916426       0.101672        143.786
