100
10
-0.00975015
contact

-0.17784
0.526115
0.696797
-0.324511
-0.34547
-1.4475
-0.804901
1.0351
3.59147
-3.191
-1.54978
0.0758155
-1.37857
-0.966761
0.626076
0.225282
-1.27257
-0.862125
0.459334
-0.567436
-0.310398
0.346296
0.167899
-0.0149093
-0.23646
-0.0058455
-0.369385
-0.194501
0.643484
0.621856
-3.65962
4.95892
-2.31426
-3.99841
0.156015
1.56479
-0.569265
-0.202862
0.00672189
0.152958
-0.188447
0.0717935

   batch        P accept         n0 mean            +/-     n0 std dev          E mean            +/-      E std dev          P mean            +/-      P std dev
   total        0.500275         27.5822     0.00999785        14.1391         276.135      0.0888487        125.651       -0.444983      0.0256766        36.3121
