100
12
-0.00975015
contact

-0.19383
-0.224984
-0.514417
0.553399
-0.144473
-0.534151
0.942686
0.116057
1.45688
-2.79607
-1.12416
-0.0446969
-1.6597
-0.631417
0.238576
0.0960978
0.683948
0.659253
-0.112598
-0.0445338
-2.3397
-0.161969
-0.0685122
-0.478018
0.0917235
0.400884
0.780106
0.383008
0.0327594
0.627489
-0.705652
-0.681157
-2.26713
-0.466283
0.268897
-1.45828
4.8223
-0.0707071
6.10165
0.395926
-2.12374
-0.168063
0.252461
0.268342
-0.195314
-0.681275
-0.423583
-0.526423
-0.8263
0.506576

   batch        P accept         n0 mean            +/-     n0 std dev          E mean            +/-      E std dev          P mean            +/-      P std dev
   total         0.49997          17.601     0.00903184         12.773         1068.56       0.177677        251.273      -0.0416104       0.037626        53.2112
