100
13
-0.00975015
contact

-0.401897
-0.198476
0.452791
-0.548307
-0.480652
0.801305
1.23962
-2.01433
-0.628609
0.823237
1.24647
-1.00309
-1.19165
-1.40901
3.87318
-1.28195
-3.70942
1.34651
-0.0992957
1.66231
0.487499
0.635736
-0.610259
0.355838
-0.871563
-1.0095
-0.0952994
0.616602
-0.386219
-0.267807
-0.593481
0.196491
-0.0109972
1.39459
0.30344
1.03777
-1.28736
-3.17771
-3.55169
-1.02776
-2.75183
-0.477711
-2.57099
0.176729
-0.938985
0.70292
0.19303
-0.331368
0.093807
1.37363
0.0331304
-0.210494
-0.501393
0.42352

   batch        P accept         n0 mean            +/-     n0 std dev          E mean            +/-      E std dev          P mean            +/-      P std dev
   total        0.500392         14.3001     0.00783989        11.0873         1560.37       0.234815        332.078        0.556747      0.0428413        60.5867
