100
18
0.1
contact

-0.652069
-0.452264
1.0279
-1.83164
0.370937
-0.766706
-0.633839
0.27307
2.27739
0.669969
-0.130628
2.8886
-0.281727
-0.822836
-0.364777
-0.705657
0.47489
-2.35072
-3.20255
0.92022
-1.77797
-0.2901
0.559366
2.86717
0.680016
-0.788934
-0.749999
-0.565941
0.179564
-1.36235
0.605208
-0.306909
-0.28399
0.993984
0.374967
0.558283
0.044344
0.0690845
0.975269
-0.121653
-0.332233
0.209897
-0.127628
1.65506
1.32898
0.866742
-0.779073
-2.36601
-0.594126
1.19426
-0.48649
-1.28573
0.144615
-0.985677
-0.352366
0.816452
-1.24309
0.772656
0.120147
0.452184
0.425852
2.08209
-1.44626
0.557485
0.280649
2.21507
0.420371
2.51258
0.886132
-0.0488257
1.26366
-0.624154
-1.51965
-0.0818199

Final quantities:
4.25247
3.98661
9622.23