100
19
0.1
contact

-0.840894
0.0720543
0.549444
0.233841
0.818501
-1.76149
2.42199
0.233809
-0.27207
2.06432
-1.23474
-0.241124
-0.58662
-0.591029
0.514206
-2.22841
0.439632
-0.114085
1.5035
0.646724
-1.23807
1.35308
-2.25804
0.437457
1.39865
-0.392381
1.75315
0.764711
0.820469
0.496615
-0.101299
1.13677
-1.88532
-1.89612
0.0185152
1.05302
-0.34029
0.480849
0.497143
0.347194
0.0602282
-1.03175
-1.20314
-0.274156
-0.0431862
0.710718
-0.509301
0.622752
1.36881
0.622703
-1.72011
-0.125695
1.11783
-2.16204
-0.726817
-2.52823
0.913279
0.488388
-1.54565
-0.630515
1.97092
1.03157
0.00420655
0.0269052
-0.626829
-1.89414
-2.48787
-1.28149
1.61282
0.0230624
0.691472
-0.791583
0.724138
0.499562
1.03993
0.194722
0.772503
-0.499835

Final quantities:
3.966
3.74917
10646.5