100
20
0.1
contact

1.03862
-1.27901
1.35874
-0.248491
0.33956
0.791956
0.400626
-1.24958
-2.05276
1.86686
0.869058
1.30374
-0.360297
1.09093
-0.712172
0.572901
-0.673901
-0.37868
0.862408
-0.138265
0.712112
2.78329
-2.68651
0.723963
1.63534
-0.0475591
1.46588
1.39944
-0.729045
-1.08626
1.21762
-2.30457
0.22834
0.216179
-0.171548
-0.26182
0.473772
-1.44784
0.311204
-0.499112
0.166717
0.471294
0.927898
-0.118784
0.278673
0.735384
-1.6541
-0.185908
-1.15715
-0.402999
0.186204
0.902038
-1.1668
-2.10549
-0.273546
-0.726053
0.578414
0.711938
0.487925
-1.91143
0.901084
1.36447
0.405255
-0.257739
1.90104
0.32916
-0.807522
-2.29516
0.896877
-0.622387
0.798598
1.91587
-1.46521
0.610561
2.20523
0.639089
-0.240921
0.738506
0.0973233
-0.587389
-0.0359825
-0.552496

Final quantities:
3.72773
3.51098
11774.7