100
23
0.1
contact

0.0469026
-0.455524
-0.0200344
1.16976
0.49949
1.09421
-0.0627502
0.380187
-0.235947
-0.347755
-0.934174
1.42381
-0.0779142
1.16857
-1.442
1.09984
-0.467745
-0.28536
-0.737117
-0.116793
0.132785
1.38714
0.270271
-1.01372
-0.736202
1.23819
-0.206032
1.4234
0.231812
-1.70823
-0.655763
1.4274
0.918332
0.764154
-0.520513
-2.68717
0.384549
1.20182
-0.0354312
-1.33039
0.271973
0.804767
-0.572125
-0.915862
0.135719
-1.03795
-1.42686
-1.29617
-1.18388
-0.181542
0.833964
-0.204092
-0.0208274
-2.36091
-0.711291
0.538792
0.415018
0.816711
0.455652
-1.00103
1.28966
-0.988606
0.15982
-0.684294
-1.34757
-0.141753
-0.201491
4.0991
0.169647
-1.91751
-0.708059
-1.37933
-1.00698
2.18471
-0.171311
-0.928722
2.06857
0.426215
1.55647
0.139146
-0.306637
-0.0827347
0.261052
-0.529474
-0.257407
-1.00955
-0.14769
0.0704249
0.950525
-0.0959721
-0.0264923
0.868218
1.12167
0.204481

Final quantities:
3.04632
2.89479
15464.4