100
24
0.1
contact

-0.397533
-0.894438
0.913115
-0.939961
-0.602335
0.864832
0.487932
-0.00268309
0.0203024
-0.467397
1.11238
1.84666
-0.731377
-0.868993
0.5783
-0.733298
0.0617571
-0.277389
-0.00392438
0.452639
-0.96736
1.63995
-1.23973
-1.95446
1.22538
-0.786494
-1.40408
2.56364
-0.269427
-1.3007
0.954909
1.11895
0.637761
-0.590243
0.54272
-0.701482
-1.8998
-0.14716
0.804737
0.992904
1.53591
0.254145
0.28412
-0.955252
-0.616257
0.637468
0.46664
-1.65344
0.0761683
0.51185
-0.75159
-0.572108
-0.923927
0.00832395
0.903558
-0.881849
-1.87132
1.58277
-0.130644
-1.3579
-1.35341
-1.13098
-0.144591
0.326111
0.673483
-0.32482
1.73399
-0.42382
1.26822
-0.149218
-0.784223
1.77641
0.384975
-0.563302
2.23844
-0.866114
2.98866
-0.306431
-0.965672
-0.515199
-0.632004
-0.641045
0.608235
-0.326669
0.105641
1.84877
-0.543555
-0.519923
0.904821
-0.472154
0.79027
0.909779
0.471283
1.1087
-0.310533
-0.38662
1.08122
0.416936

Final quantities:
2.89972
2.75429
16827