100
25
0.1
contact

-1.4513
-0.37513
-0.486557
0.6371
-0.201149
0.835177
-0.663643
0.750599
-0.311664
-0.482022
-0.295117
-0.653932
-0.955185
1.25823
-1.53418
1.0078
-0.452412
1.36311
-0.338016
-0.633811
2.43008
0.766688
1.87271
-0.505585
-1.17378
0.756836
-0.919575
0.0817979
0.436004
0.390383
0.0277668
-1.38391
0.526521
-0.410224
1.08588
0.604729
-0.861227
0.251913
0.460306
-1.43097
-0.706109
0.680561
-0.300834
-1.33966
-0.46545
0.25129
-1.50123
-0.696301
-0.537151
0.616109
-0.869327
-0.322267
1.02449
-0.8594
0.447
-1.83616
-1.30359
0.940009
-0.808197
-0.79782
-0.177744
-0.449511
-0.281683
0.617596
-1.14517
-0.84756
-1.45686
-0.3443
0.893064
-0.396679
-0.649255
-0.395239
0.456091
0.23491
-1.16516
1.30109
0.393462
-3.20091
2.06945
-0.0319827
1.30626
1.3824
1.67416
0.15832
0.360825
1.84203
0.0374304
2.14354
1.87203
-0.7271
0.0973159
-1.34187
0.87465
-0.171495
0.261398
1.09769
0.666891
-0.110098
-0.965841
0.221534
-0.819052
-0.0502433

Final quantities:
2.73799
2.62598
18249.2