100
17
-0.00975015
contact

-0.052316
0.335521
1.30136
1.39488
-0.0636526
1.43996
0.297867
0.31635
-0.581193
-1.20127
0.703825
-0.0444133
-1.7355
1.3963
0.47043
-0.415576
-0.693481
0.146818
-0.436154
-0.599018
1.28538
-2.71507
0.100383
-1.07809
-0.115716
-1.92328
-0.616258
-0.956008
0.284897
1.3695
-0.236009
-0.429568
-0.100638
-0.62809
0.148702
0.589412
0.366969
0.411871
-0.0325661
0.738515
-0.487568
0.0502157
-1.61694
1.57462
0.616646
-0.543488
0.562842
2.72091
0.282156
-2.39323
-2.15494
-3.25037
1.80516
0.738766
1.65303
1.27527
-0.779406
3.57008
2.35048
-1.33547
-0.69655
0.662828
0.602808
-0.0587063
0.300295
0.240064
0.191485
0.549197
0.823293
0.494264

   batch        P accept         n0 mean            +/-     n0 std dev          E mean            +/-      E std dev          P mean            +/-      P std dev
   total        0.499984          7.2227     0.00454559        6.42844         4342.45       0.528267        747.082       -0.325141      0.0636888        90.0696
