100
18
-0.00975015
contact

-0.224533
1.17458
0.546734
0.610405
0.783985
-1.72426
-0.907508
0.775064
-1.2482
1.39955
0.54364
-0.313848
0.221735
0.12447
0.962377
-2.07749
0.877964
-0.726904
-2.51773
1.72703
-3.47004
1.09531
-2.93409
-1.89014
-1.95888
-1.24526
-0.30127
-0.178932
0.482257
-1.79858
-0.247968
-0.0516884
-0.381438
0.818018
-0.745785
-0.163584
-0.13274
-0.0143932
-0.105401
-0.14701
0.000443046
-1.14683
-0.991078
-0.753621
-0.10485
-0.438917
1.33944
-2.7701
-0.965005
-0.646266
-0.874871
-0.0760557
1.33311
-0.195435
-1.14373
1.66071
0.00783312
0.567028
1.63518
2.39937
1.40362
-0.738637
-0.541097
-0.484399
-0.0364445
1.03671
-0.141692
1.29256
-0.766381
0.00762979
-0.179755
0.232779
-0.0652668
-1.16471

   batch        P accept         n0 mean            +/-     n0 std dev          E mean            +/-      E std dev          P mean            +/-      P std dev
   total        0.500232         6.28433     0.00402667        5.69457         5225.27       0.612714        866.508        0.185057      0.0684517        96.8053
