100
19
-0.00975015
contact

-0.623974
0.0815688
0.501727
-0.811631
0.806111
0.543011
0.152384
-1.16107
-1.53888
-0.866767
1.50857
0.529811
-1.31468
0.366448
-0.795376
0.986635
-0.558883
-2.46436
-1.18814
0.994943
-2.42322
-0.321723
-0.58832
-2.91232
0.528376
-0.647406
-0.358007
-1.34087
-0.230039
-0.926372
0.560608
2.10507
-1.07804
1.08683
-0.467392
1.04361
1.3862
0.323429
-0.916547
0.162378
-0.299875
0.0492287
-0.5116
-0.100216
-0.757392
0.98506
-0.0222816
-0.952696
-2.06569
1.79136
0.0509372
1.1623
-0.0870078
-0.910874
-3.00038
2.3607
0.875197
-0.997392
1.25977
1.61355
-1.66919
2.34196
0.317109
-0.0364802
-0.0678984
-1.52752
1.68695
-0.138583
-0.54852
-0.830853
0.17247
-0.860844
-0.479824
0.2359
0.125847
-0.373243
-0.0531949
-0.163664

   batch        P accept         n0 mean            +/-     n0 std dev          E mean            +/-      E std dev          P mean            +/-      P std dev
   total        0.500623         5.64288     0.00365361        5.16698         6180.54       0.700025        989.985        -0.51365      0.0730279        103.277
