100
20
-0.00975015
contact

-0.16908
0.250766
-1.53337
0.583528
0.60248
1.28922
1.30509
0.464593
-0.535892
0.0981923
-1.26354
-0.972615
1.14184
-0.590713
1.0199
-2.56153
0.848979
1.08348
-1.30945
-1.95152
3.06514
-0.622533
-0.430047
-3.39158
1.21676
1.06068
-0.796636
0.216074
-0.288478
-0.212967
0.694259
-0.181247
-0.152458
-1.24083
-1.23126
0.899507
0.93669
0.0693668
0.107779
0.0175728
0.215415
0.136221
0.0488325
-0.969377
0.28397
-0.110528
0.468817
-0.998852
0.344606
-1.27785
-0.437261
0.668937
-1.47365
-0.586437
1.05107
0.983016
1.81215
1.8728
-0.595469
-0.0641792
0.453968
-0.777313
-1.33933
-0.607154
-2.37961
-1.54719
0.466174
2.21975
1.57883
0.901331
0.315383
-0.58412
-0.582507
0.897273
0.151381
0.269449
-0.151453
0.221804
2.16925
-0.763058
0.720675
0.308505

   batch        P accept         n0 mean            +/-     n0 std dev          E mean            +/-      E std dev          P mean            +/-      P std dev
   total        0.500212         5.08026     0.00331804        4.69242         7214.23       0.792559        1120.85        0.518236      0.0776288        109.784
