100
22
-0.00975015
contact

0.251813
-0.668127
0.61432
-0.601384
-0.304992
-0.495349
-0.711281
1.05815
-0.438911
-0.824973
-0.588317
-0.244685
-1.59742
0.380157
1.04476
1.03791
-1.09722
0.785514
1.79527
-0.526876
1.65223
0.843361
-1.16955
-1.86001
-0.244867
-1.24151
1.07949
1.9523
0.459886
1.89873
-0.967274
-0.310944
0.026726
0.465753
-1.15702
-0.676551
0.587177
-0.134381
0.225601
0.50193
0.23348
1.62973
-0.466419
-0.176994
0.144216
-0.143324
0.584605
-1.41227
0.248591
-1.21673
0.499467
0.384219
0.468175
0.939024
-2.05611
0.789029
0.119293
-0.0223337
-1.8256
-0.44117
-0.51324
-2.31298
1.9889
0.0324498
-1.09021
2.57922
0.112961
0.970363
0.590941
0.571245
-1.52387
1.22873
1.18028
1.37076
1.10565
2.2171
-2.31721
-1.01112
0.48755
1.52877
0.655943
-1.39513
0.697846
0.595333
-0.390758
-0.709327
-0.0699478
-0.021035
0.528566
-0.876414

   batch        P accept         n0 mean            +/-     n0 std dev          E mean            +/-      E std dev          P mean            +/-      P std dev
   total        0.500192         4.25182     0.00282023         3.9884         9492.97       0.981561        1388.14         1.01678      0.0859655        121.573
