100
11
-0.00975015
contact

0.162256
0.192082
0.593862
0.623378
-0.250011
-0.3799
-0.941325
-2.13965
0.22036
-0.248937
-3.15513
4.02446
-4.28341
-1.62916
0.252884
-1.77792
0.118732
-0.152545
0.195411
0.0855759
-0.106352
0.0297088
0.291264
0.321321
0.03368
-0.36638
-1.01995
-1.15821
-0.546874
0.628048
-1.12022
-0.345446
2.41713
-1.33919
-4.59957
-1.44003
0.839483
0.292668
0.652805
-1.60947
0.436615
0.665874
1.61366
-0.490663
0.0935022
-0.0891722

   batch        P accept         n0 mean            +/-     n0 std dev          E mean            +/-      E std dev          P mean            +/-      P std dev
   total        0.499974         22.9552      0.0102348        14.4742         642.023       0.127768        180.691       -0.298235      0.0315553        44.6259
