100
14
-0.00975015
contact

-0.209359
-0.78072
0.316309
-0.789848
0.741276
0.706072
-1.55138
0.117273
-0.792562
1.07951
1.53105
-0.698034
0.602879
-0.179951
1.44353
0.639163
0.254173
-1.15774
2.55879
-0.990061
-1.47231
-0.0984025
0.433263
0.75009
-0.469858
-0.926084
0.648906
-0.0767672
0.561936
0.306542
-0.229928
-0.404384
-0.0856347
0.13571
-0.142254
1.74602
0.991954
1.29326
0.0367023
-0.446901
2.34416
0.882865
-5.64265
3.9271
-1.42776
-1.48718
1.67817
-0.909346
-0.384121
0.407582
0.167081
0.525638
1.31693
0.514901
-0.673182
1.18457
-0.737335
1.11815

   batch        P accept         n0 mean            +/-     n0 std dev          E mean            +/-      E std dev          P mean            +/-      P std dev
   total        0.499893         11.4987     0.00668893        9.45958         2139.98       0.300986        425.659        0.262141      0.0483543        68.3833
