100
15
-0.00975015
contact

0.493136
-0.0326692
-0.187888
0.32122
1.04194
-1.19802
1.53814
0.371267
-0.243383
0.0754451
-0.00214881
-1.25197
-1.55604
-1.95371
-1.66712
0.641764
-2.52275
-0.46502
-0.884024
2.7374
1.0476
-0.456142
0.451126
0.251679
0.780832
-0.480153
0.0271509
0.399319
1.26506
-0.227956
-0.583374
0.525589
0.484252
-0.0697397
0.135054
0.231677
-1.94124
0.799959
1.48668
0.00173389
-1.79761
-2.45499
-0.120762
-1.62824
-0.406896
2.4023
1.4399
2.70572
-3.96011
0.751304
-1.62403
2.20262
-0.921611
-0.0897096
1.52651
-1.1642
-0.699295
0.568486
0.255177
0.33087
-0.50572
-0.357106

   batch        P accept         n0 mean            +/-     n0 std dev          E mean            +/-      E std dev          P mean            +/-      P std dev
   total        0.499895         9.60947     0.00581342        8.22141         2797.66       0.371111         524.83       -0.243312      0.0538648        76.1763
