100
12
-0.00530189
contact

-0.480934
-0.0200377
0.949877
1.14999
1.51514
-0.452985
0.832889
-1.00748
1.60242
-0.827677
-2.34675
3.24664
-2.03908
-1.21313
-1.99066
-0.650214
-0.539626
-1.14635
-2.19014
1.97953
-0.494437
0.625212
-0.134149
0.230073
-0.117826
-1.103
1.13019
-0.975138
-0.506988
-0.555591
0.461866
1.17126
2.44272
-2.61927
1.53129
-0.149107
-0.583162
1.82002
0.692921
3.15065
2.16394
-1.63152
1.80603
0.220047
-1.76894
-1.6359
0.358859
-0.673136
-0.832156
0.62739

   batch        P accept         n0 mean            +/-     n0 std dev          E mean            +/-      E std dev          P mean            +/-      P std dev
   total        0.500647         9.04818     0.00557905        7.88996         2424.04       0.344989        487.888     0.000191139      0.0568691        80.4251
