100
13
-0.00530189
contact

-0.782101
0.148167
-0.385447
0.206101
0.815566
-0.459546
-1.64811
1.63262
-1.30257
2.5614
0.591513
1.82811
2.39732
-1.05027
-2.54756
2.11878
0.955298
0.901913
0.740741
0.941461
0.0451997
-0.513081
-0.652354
-0.36981
1.40803
-0.323038
1.4901
-0.318343
-0.661502
1.40475
-1.54236
0.857361
-1.59887
0.354779
-0.634664
1.46386
-1.17892
-0.743019
0.965292
2.26665
3.49716
2.15054
2.1151
0.845677
0.264496
-1.04253
1.72486
2.07742
-1.02669
-1.84723
-0.680226
-0.631681
0.219642
0.330429

   batch        P accept         n0 mean            +/-     n0 std dev          E mean            +/-      E std dev          P mean            +/-      P std dev
   total        0.499613         7.90879     0.00496657        7.02378         3023.11       0.410344        580.313      -0.0118906      0.0616374        87.1685
