100
14
-0.00530189
contact

0.671013
-0.0817692
0.528681
1.82309
-0.877019
0.523126
0.481142
-0.353248
1.5
0.593784
-1.42738
-0.727248
1.40584
2.59347
-1.52219
0.373373
-0.240955
-2.46332
-0.0838169
0.893748
0.657522
-1.53036
-1.47027
0.290826
0.771893
1.90365
1.3554
0.349064
-0.642595
-0.704003
0.432097
-0.306144
-1.8072
1.04623
0.260925
0.508921
-1.68985
1.04055
-0.0455499
-2.14357
-0.283442
3.00151
3.53047
2.31565
0.95403
1.00621
3.167
-1.46514
-0.320487
0.502377
0.637238
0.56676
-0.0958586
-0.119093
0.0914812
-0.200872
1.75352
0.652392

   batch        P accept         n0 mean            +/-     n0 std dev          E mean            +/-      E std dev          P mean            +/-      P std dev
   total        0.499986         6.99616     0.00443656        6.27424         3688.66       0.479019        677.435       0.0786669      0.0659924        93.3274
