100
15
-0.00530189
contact

-0.611572
0.84212
-0.530123
-0.350154
-0.0818797
-2.04915
-0.227685
-1.53896
-2.66899
0.812805
-0.00358142
0.321782
-1.18186
-2.88726
-1.60699
-2.16319
0.505004
-0.433191
0.37788
0.851664
1.11774
-2.15898
0.368973
-2.30508
-0.159672
-0.91259
-0.582935
-0.888549
-0.726392
-0.658239
1.09863
-0.631899
-0.647132
0.0582596
0.428537
-0.322599
-0.752328
2.00849
-0.702237
1.35546
0.97273
1.3312
0.624252
2.26161
-2.12718
-1.49698
-0.431222
-2.64268
0.123644
1.72151
-0.285639
-2.63722
-1.69237
-0.930933
0.452554
-0.909637
-1.66718
-0.983316
0.578513
-0.313793
0.486743
-0.886154

   batch        P accept         n0 mean            +/-     n0 std dev          E mean            +/-      E std dev          P mean            +/-      P std dev
   total        0.500306         6.24741      0.0040229        5.68924         4422.93       0.552239        780.983        0.152701      0.0704191        99.5876
