100
16
-0.00530189
contact

0.331876
-0.807787
-0.28166
-0.5187
0.568126
-1.04127
1.83693
-2.31293
1.33611
0.395179
1.73046
-1.34166
-0.113056
0.502445
0.319264
-2.15916
0.380007
-3.1011
-0.806391
2.66706
1.32843
0.309839
1.69715
0.943527
-1.81729
1.32976
-0.229559
0.49285
1.09178
-0.0876206
0.524042
-0.971854
0.456603
-0.0663043
1.09422
-0.479025
0.227182
0.488045
-0.997882
0.517505
0.77119
-0.91555
1.65138
1.99343
2.59426
-0.107887
0.0355738
2.51493
0.405157
0.259555
0.52211
-2.16767
-0.99832
-1.64278
-1.21912
-0.543074
0.91076
-1.98349
-0.457686
-0.402409
0.407947
0.437091
0.235566
-1.60615
1.68791
-0.0261144

   batch        P accept         n0 mean            +/-     n0 std dev          E mean            +/-      E std dev          P mean            +/-      P std dev
   total        0.499911         5.64416     0.00366044        5.17664         5224.86       0.627222        887.026       -0.478924      0.0746314        105.545
