100
17
-0.00530189
contact

0.364886
0.557139
-1.01196
0.486386
-0.361828
-2.01997
-0.110676
0.752234
1.72453
-0.767755
-0.803093
1.8128
1.49399
-3.90109
-0.480892
0.169022
-0.442269
-0.481944
-0.809357
2.35815
-0.710039
2.37248
1.89499
1.07603
-2.82934
0.668446
-1.53492
1.43916
0.980136
1.36831
0.103601
0.328594
0.951479
-0.962841
0.311365
-1.2465
-0.14506
-0.160501
0.434082
0.196859
-0.625431
-0.641034
1.01163
0.385651
-1.07063
-1.73544
-0.841769
1.60992
1.82239
1.85062
-1.50184
-0.586811
0.0836152
-1.57322
0.402057
-0.253886
0.289802
0.212484
-1.24257
0.179231
-0.0399062
1.61555
-0.0796735
0.277719
0.660634
-1.26064
1.60908
-0.350998
-0.0208797
0.750284

   batch        P accept         n0 mean            +/-     n0 std dev          E mean            +/-      E std dev          P mean            +/-      P std dev
   total        0.499675         5.12907     0.00335655        4.74688          6095.1       0.708598        1002.11      -0.0703834      0.0787326        111.345
