100
18
-0.00530189
contact

-0.494782
0.986121
-0.511732
1.15887
0.367727
0.535214
-1.40414
0.389464
-0.286449
2.068
1.59221
0.840589
1.8379
-0.762252
-0.596192
0.243005
-0.405057
-0.329604
1.94127
1.5605
-0.174883
-1.16249
2.4666
1.76727
-0.919082
1.00303
-2.00938
-1.39912
0.279379
0.544709
-0.947713
0.643485
1.13657
0.785887
1.00282
-1.40932
0.566708
-0.0991249
-0.339793
-1.31829
1.18688
-0.0317385
-0.66463
-0.235718
0.441644
0.520583
0.58979
-1.98856
-1.38624
-3.29388
-0.494146
1.27784
-0.946604
0.642578
0.620429
-1.98818
0.192898
-1.32256
2.52567
-1.71029
-0.734534
-1.48998
1.06549
1.55711
0.030474
-0.267166
0.13532
-1.43894
0.594926
0.484717
-0.0227685
1.20917
0.195904
-0.586071

   batch        P accept         n0 mean            +/-     n0 std dev          E mean            +/-      E std dev          P mean            +/-      P std dev
   total        0.500042         4.66565     0.00307253        4.34521         7040.86       0.790161        1117.46       -0.262692      0.0827513        117.028
