100
19
-0.00530189
contact

-0.827067
-0.467896
0.240698
0.786093
-0.889489
0.686836
1.77586
2.08579
1.70046
-0.403374
-0.374626
-0.190148
1.07976
-1.62841
0.868524
1.57478
0.100088
-0.809701
-0.270286
1.75756
-1.37692
0.366351
0.454209
0.11712
3.4806
1.24115
-1.3163
1.86632
0.122946
0.919968
-2.13475
0.667575
-1.14829
-0.647047
0.810082
-0.828123
-0.506668
0.38324
0.797889
-0.362508
0.80701
-0.486285
-0.922218
1.13353
-0.271586
0.497759
-0.0217799
-0.152641
-1.08115
-0.536829
-1.19018
1.38804
2.28982
-1.0728
-1.98258
1.37241
-2.73911
-0.775315
0.164108
0.611063
-1.10905
-1.60796
-0.748375
-1.12885
0.195057
0.684191
0.527561
0.81809
-0.0105456
1.83351
0.614918
0.436113
1.27416
-1.12145
0.39486
-0.79414
-0.77807
0.345651

   batch        P accept         n0 mean            +/-     n0 std dev          E mean            +/-      E std dev          P mean            +/-      P std dev
   total        0.499719         4.31037      0.0028546        4.03702         8040.62       0.876881         1240.1        0.510844      0.0866553        122.549
