100
20
-0.00530189
contact

-0.627026
-0.845423
0.940023
0.452696
0.175209
-0.832371
-0.418255
-0.0663319
-0.116276
-0.099158
1.57472
0.594109
1.45534
-1.88882
1.84494
0.448765
2.44349
1.46261
-0.0100347
0.146807
0.21107
1.01196
0.450118
1.92517
0.346839
0.941281
-2.02862
1.36648
-0.226355
0.262957
2.30043
0.955271
0.512993
-0.725447
0.730861
-0.833356
2.09944
1.03573
-1.47545
0.420151
-0.12507
-0.642745
-0.05397
-0.604973
-0.955631
-1.96632
1.51353
0.191388
0.512293
-0.214595
1.25595
0.314572
-0.0176735
0.293985
-1.98001
0.38896
0.479971
0.912563
-2.653
-3.03982
-0.162628
0.730819
-0.970727
-1.88348
-0.298295
-0.484321
-0.975335
1.12631
1.74491
0.232936
1.72853
-0.6425
0.483638
0.536798
-0.189997
-0.98548
-0.602113
-0.560516
-0.201528
-0.140183
0.778496
-0.350849

   batch        P accept         n0 mean            +/-     n0 std dev          E mean            +/-      E std dev          P mean            +/-      P std dev
   total         0.49997         3.97073     0.00264463        3.74007         9111.09       0.967467        1368.21        0.108049      0.0903899        127.831
