100
21
-0.00530189
contact

0.746546
0.450474
-0.517802
-0.986437
-1.08697
0.0315051
-0.209596
0.794264
0.621711
-0.894148
-0.398414
-1.15653
-0.150617
-0.264295
-1.29242
-0.527606
-1.3337
-0.714888
1.36316
-0.696133
-2.14279
-1.46905
0.42441
0.720653
-0.191559
-1.78565
-0.633225
0.495368
-1.38619
1.7465
-1.83437
-0.577956
0.452559
1.58779
0.267117
0.791826
0.761282
1.08259
-1.74053
-0.795186
0.584409
0.588
-1.19977
-1.23742
0.337688
1.92631
-0.745311
-1.12186
-0.0918982
-0.819009
0.00492734
-0.338295
1.59929
-0.552561
-0.471699
-1.4416
0.263765
2.47289
0.619517
-0.667397
0.298688
1.33247
1.7092
-0.915723
-1.94709
-1.1744
-3.82507
-0.252439
-1.00245
-0.366047
-2.00374
0.33439
-0.0150899
-0.0635071
-0.872515
0.26266
0.896326
-0.62969
-0.0695943
0.730385
-0.483173
1.40633
-0.148715
-0.0141065
0.210047
0.286472

   batch        P accept         n0 mean            +/-     n0 std dev          E mean            +/-      E std dev          P mean            +/-      P std dev
   total         0.50015         3.72109     0.00249178         3.5239         10248.6        1.05649        1494.11        0.446359      0.0940745        133.041
