100
22
-0.00530189
contact

0.589029
1.25084
-0.263303
-1.19507
-1.11645
-1.5272
-1.08577
-0.580951
0.807702
-0.226632
-0.0327489
-0.609565
2.20144
-1.18723
0.0659009
1.03229
1.65876
1.51613
1.79574
1.66509
0.764658
-3.88548
0.217932
0.308949
-0.775911
1.65123
1.36152
1.40754
-0.0205425
-0.543959
0.0507652
-1.15028
0.830108
-2.27792
0.198296
0.347752
-0.769185
-1.23443
-1.50057
0.849812
0.801895
-0.490307
-1.06899
0.934165
-0.893797
0.330988
0.73792
0.319755
0.726739
0.229685
0.473767
1.76099
0.346346
-0.285485
0.0399085
0.533306
1.56376
-0.289212
-0.532017
0.51913
-0.507346
0.77638
-0.395651
0.0209402
-0.987872
1.2706
-0.733103
-0.36295
-0.559635
-0.331565
-1.09679
2.05934
1.60836
0.639108
1.10088
-1.05444
0.330758
0.134383
-2.21978
0.920652
-0.299927
0.0797843
-0.675384
0.0243212
-0.842644
0.820643
0.550363
-0.571124
-0.239619
0.625118

   batch        P accept         n0 mean            +/-     n0 std dev          E mean            +/-      E std dev          P mean            +/-      P std dev
   total        0.499844         3.47022     0.00233069         3.2961         11462.9        1.15223         1629.5        0.110038      0.0977029        138.173
