100
23
-0.00530189
contact

0.33479
-0.61506
-0.170133
0.0418951
0.214162
1.5605
0.459733
-2.25081
-0.379307
-0.088894
0.373113
-1.33759
-0.292952
2.39879
-1.10607
-0.336833
-1.15952
-0.298292
0.881002
-0.5577
0.993139
-1.10653
1.22178
-1.22921
0.816408
-0.712758
-1.7151
2.49643
1.856
0.487657
-2.24032
1.07069
-1.01184
0.248744
0.891623
0.958959
-1.69899
-0.860579
-0.216473
0.48227
1.5138
-0.220099
0.585635
-0.671256
-0.0188215
0.264367
-0.672351
0.0822253
0.517715
1.18263
0.468935
0.554148
1.15828
1.18114
0.337011
0.062097
2.17387
0.215933
0.7561
0.548699
-0.629295
1.80323
0.489282
-0.461586
-1.38725
0.385491
-1.02481
0.930081
1.07115
-0.680597
-1.4858
-0.193768
-0.244844
0.318745
-0.571794
0.447845
1.00331
1.40396
2.38236
1.28427
1.27074
0.151761
1.15481
0.49906
-0.723689
-0.388426
-2.2679
0.131457
0.0368855
-0.285062
0.383128
0.831948
-0.664996
0.337912

   batch        P accept         n0 mean            +/-     n0 std dev          E mean            +/-      E std dev          P mean            +/-      P std dev
   total        0.499712         3.26616     0.00219391        3.10265         12732.1        1.25004        1767.83       0.0691911       0.101207        143.128
