100
24
-0.00530189
contact

-0.441654
-0.725852
-0.0309428
0.758999
-1.89727
-1.4572
0.745577
-0.208587
-0.353118
0.711234
-0.35916
0.470145
1.10065
-0.746411
-0.496314
-0.0173771
-0.313929
-0.71847
-0.509825
-0.878122
-0.440167
0.73914
-0.260045
2.67973
-3.16084
-1.17609
1.03347
0.871508
1.44146
-0.711026
0.0338331
-0.635661
0.501538
-0.316738
-1.8185
-0.284338
-0.853631
0.795518
-0.0274539
-0.737094
0.980028
-0.246701
-0.110479
1.44977
1.08455
-0.0471341
0.0354104
1.107
0.293439
0.463065
1.21574
0.362838
-1.54274
-0.81973
-0.474209
-1.50859
0.198472
-0.114634
-0.192924
-0.216659
1.76892
-0.5982
-1.39303
-0.0915529
1.30832
0.297581
1.28031
-0.615191
-1.31699
-0.224447
0.389003
-0.0145216
-0.555653
-0.199369
-0.774259
-1.10946
1.72135
-0.860963
-2.93219
-2.47878
0.336764
-0.467091
2.28357
-0.184278
0.545887
-0.498022
-0.931669
-0.160704
-0.993273
0.37118
-0.201163
-1.55236
0.616758
-0.720598
0.068749
-0.364543
0.292149
-1.11353

   batch        P accept         n0 mean            +/-     n0 std dev          E mean            +/-      E std dev          P mean            +/-      P std dev
   total        0.500058         3.07399     0.00207317        2.93191         14077.5        1.34859        1907.19        -0.11639       0.104525        147.821
