100
25
-0.00530189
contact

1.06965
-0.43532
0.147108
0.138065
-0.56841
-0.807458
0.924491
-1.63257
-0.170342
-1.75848
0.713606
0.263979
-1.45309
-1.45865
1.31489
0.231706
1.76061
0.518907
0.840944
0.371938
-0.192612
-1.428
0.481476
-2.71244
1.87824
0.984289
0.416293
-0.377036
-0.694638
-0.989818
-0.696996
-0.0407179
-0.0662772
-0.242073
-0.608286
0.850127
0.622991
-0.346888
-2.22982
0.137541
1.045
-0.621348
0.373556
0.530677
0.152049
-0.439914
1.49754
-0.00853905
-0.334399
-0.854189
-1.47021
-0.143572
0.36787
-1.07949
-0.652754
0.800565
0.438878
0.784205
1.29478
-0.466277
0.605486
-0.0765043
-0.80862
0.263605
0.475097
-1.2582
-0.28867
0.745322
0.880935
-0.273761
-0.285559
2.11792
2.637
0.301706
-1.10937
0.502269
-1.37075
-0.300819
-0.577627
0.494319
0.544302
1.61343
-0.420444
-0.242475
1.43211
-3.27385
-0.100055
-1.40935
1.41464
0.499557
0.0799765
-0.507602
0.697254
0.721127
0.338816
0.866025
0.205442
0.663395
0.317889
-0.114465
0.410953
-1.25385

   batch        P accept         n0 mean            +/-     n0 std dev          E mean            +/-      E std dev          P mean            +/-      P std dev
   total        0.500062         2.90848     0.00196382        2.77726         15475.1        1.45146        2052.67        0.321515       0.107942        152.653
