100
26
-0.00530189
contact

1.01732
0.316139
-0.572495
1.36362
0.776645
-0.3897
0.667141
1.00126
-0.445609
-0.0829915
-0.556175
-0.953231
-1.25251
-0.39434
0.91963
-1.74868
0.194897
0.652849
-0.339781
-0.101557
1.19448
-1.30924
0.448253
2.3858
1.52138
0.833031
-2.57048
1.70381
-1.67652
-0.705551
-0.452512
-0.522516
0.588192
-1.22202
-0.635627
-1.47675
0.487295
-0.523563
-1.30873
0.267446
0.565257
-0.608125
0.624499
0.20726
-0.0131713
-1.07332
-1.01049
-1.94528
0.563113
0.0221762
-0.865984
-0.352133
-0.103477
-0.27631
-0.833786
0.512284
-0.0217905
-0.935916
-1.72328
-0.0782167
-1.79035
0.267474
-0.653888
0.68106
1.26052
-0.761935
-0.114548
0.223005
0.399627
0.109567
-0.0691568
1.00611
0.176372
0.300831
-1.1744
1.1894
-0.526097
-1.73429
0.298393
-2.1965
1.75167
-0.104625
0.764146
0.329487
-1.72336
-0.453459
1.48765
-0.844962
-0.527958
0.142137
0.0762551
1.99095
-0.0626997
-0.0928528
-1.11199
-1.06306
-0.194049
1.13783
0.664379
0.818315
-1.28614
0.616032
0.271185
0.570066
-1.22518
0.0713703

   batch        P accept         n0 mean            +/-     n0 std dev          E mean            +/-      E std dev          P mean            +/-      P std dev
   total        0.500111         2.75628     0.00187015        2.64479         16967.4         1.5559        2200.38        0.121983       0.111349        157.471
