100
27
-0.00530189
contact

0.543532
0.694377
-0.449074
-0.096153
-0.423082
-0.221023
0.102191
0.863964
1.84908
0.0730609
1.81218
-0.446209
1.45359
-0.316726
-0.307543
-0.702956
1.99054
-1.5357
0.700519
0.0626785
-1.44819
0.353833
-0.463793
-0.185764
-0.359454
0.595892
-0.485571
0.24552
0.841354
-1.31594
-1.52609
-0.665335
0.829099
-1.12269
0.110385
0.306434
0.199035
-2.21293
0.132033
0.083432
-1.35058
-2.35196
-0.384522
0.145468
0.862233
0.854189
-0.314545
0.572703
0.419743
0.845944
1.24053
-1.05776
0.651053
-0.543842
-0.581609
0.307522
0.358768
-0.210179
-0.197742
-1.00233
0.234891
0.129855
-0.922466
0.0207963
-0.354459
1.82437
2.59702
-0.743097
0.837006
-1.23572
0.0410531
-0.884748
-0.647937
0.179385
-0.21787
0.703067
1.14897
0.540731
0.544807
-1.36665
1.37678
-0.797261
2.08186
-0.19226
0.0932727
1.41755
0.689948
-0.559675
1.22485
2.61701
0.706777
-0.715444
1.26792
1.10319
0.259767
1.35758
0.509474
1.75076
-0.0125742
0.303344
-0.0254201
1.04628
-0.480433
0.114619
1.02806
0.194794
0.0504673
-0.943632
-0.419273
-0.705536

   batch        P accept         n0 mean            +/-     n0 std dev          E mean            +/-      E std dev          P mean            +/-      P std dev
   total        0.500086         2.61015     0.00176653        2.49825         18504.8        1.66277        2351.51        0.207368       0.114216        161.526
