100
10
-0.00530189
contact

0.0835329
-1.80378
-0.274911
-1.74135
-1.10254
-1.0453
-0.937001
1.03438
-1.92206
-1.12728
-2.66145
-1.45075
-2.85776
-4.21663
-0.835663
-0.193777
-2.21466
1.15833
0.774523
-0.22726
0.918266
0.337393
1.08931
0.965325
-0.181113
-0.439668
-0.76679
-1.17639
2.0227
0.892261
-5.2106
-0.749868
-0.272618
-0.28455
-0.390504
0.667367
1.17898
-0.248642
0.782631
-0.674729
0.67823
-0.188318

   batch        P accept         n0 mean            +/-     n0 std dev          E mean            +/-      E std dev          P mean            +/-      P std dev
   total        0.499746         12.6349     0.00730291        10.3279         1424.36       0.227877        322.267       -0.226145      0.0471288        66.6502
