100
11
-0.00530189
contact

-0.198736
0.451887
0.3667
-0.555324
-0.64144
2.1751
-0.698953
-0.566647
2.35153
1.04627
-1.25763
0.148755
0.231627
-2.59663
0.756065
-0.820357
-0.0626734
1.42152
1.60624
0.0208358
0.774834
0.0229661
0.916896
-1.05309
0.159941
0.3546
-1.33504
-2.23339
0.27875
-0.162864
-3.67711
-0.718907
0.0380851
-2.35244
-0.492675
4.74292
-1.63984
-0.869136
1.0019
-3.58923
1.12384
-1.0268
0.13684
0.484373
0.536508
0.640383

   batch        P accept         n0 mean            +/-     n0 std dev          E mean            +/-      E std dev          P mean            +/-      P std dev
   total        0.499401         10.6483     0.00636191        8.99709         1889.55       0.283769        401.311        0.029881      0.0521408        73.7382
