100
11
0.5
contact

1.78947
0.386303
0.770277
-1.32093
-0.000939212
0.196499
0.238243
-3.22074
-2.68222
-0.421732
0.1178
3.78368
-0.0103411
1.72244
-2.68969
1.97525
-1.11328
-1.27722
0.878431
-1.29997
-0.745697
-0.460334
-0.0643793
-0.19992
-0.855718
-0.362576
-0.292878
0.249257
-0.792165
0.158766
2.97407
0.82784
-1.41535
-0.211281
1.22897
-3.56643
1.4697
1.99037
-0.453198
-1.63971
-0.835192
-0.391093
0.468818
-1.88515
-0.825844
0.313191

   batch        P accept         n0 mean            +/-     n0 std dev          E mean            +/-      E std dev          P mean            +/-      P std dev
   total        0.500104         9.59278     0.00609961        8.62615         9101.67       0.503757        712.419       -0.409051      0.0602389        85.1906
