100
16
0.5
contact

-0.660716
-0.306055
-0.398274
-0.466143
0.0662145
-1.50135
-1.45968
0.0264943
1.67496
-0.118556
0.417777
-1.04948
1.38921
-1.61172
1.115
-0.610413
2.79788
1.34385
-2.05951
-0.612221
-2.95068
0.753752
1.14163
1.81321
-0.261636
-0.52997
1.27247
1.09562
-0.0964439
0.424424
-0.100077
-0.680413
-0.0889692
-0.118075
0.0914662
-0.540952
1.06785
-1.84713
0.254421
-2.60507
-0.432195
-1.57002
-1.66625
0.105771
1.26389
-0.449394
-0.524094
-0.972789
-1.8194
-1.37097
0.67008
-2.4814
-1.15875
-2.80285
-0.147643
-0.444185
0.537618
-1.34056
-0.476416
-0.702748
2.49585
1.04016
0.0321198
-0.543069
0.532028
0.648708

   batch        P accept         n0 mean            +/-     n0 std dev          E mean            +/-      E std dev          P mean            +/-      P std dev
   total        0.500217         5.13834       0.003429        4.84934         13752.2       0.861754         1218.7        0.155781      0.0811541        114.769
