100
18
0.5
contact

-0.3274
-0.936615
0.00943899
0.714829
-0.877409
-2.26805
1.46685
-0.487526
-0.478244
1.95259
2.05415
-0.257566
1.13037
-0.854642
-0.458505
1.28097
-2.30526
-1.37655
0.159444
-0.315103
-0.472245
-0.775339
1.89395
-0.035715
1.57329
-1.9451
1.33739
0.222755
-2.02134
0.410659
-0.192432
-0.294732
-0.167321
1.08935
-0.00970168
-0.682625
0.808901
1.20314
0.00412116
0.952726
0.393959
-0.644913
0.309712
-0.0729537
-1.40131
-0.175867
0.312846
0.832225
-0.0914159
-1.47865
0.460879
-1.38733
1.62984
-2.41715
-1.15337
-1.16403
1.91373
3.24769
0.964407
0.216921
0.268422
-1.24373
-1.58001
0.132883
-0.501566
1.40456
1.50414
-1.13323
1.17086
0.319195
-0.292744
-1.18626
-0.381184
1.38832

   batch        P accept         n0 mean            +/-     n0 std dev          E mean            +/-      E std dev          P mean            +/-      P std dev
   total        0.500296          4.3463     0.00291262        4.11907           15944        1.01566        1436.36       -0.411209      0.0884621        125.104
