100
20
0.5
contact

0.589595
-0.450479
0.434587
-1.05793
0.487953
0.166286
-0.136464
0.574795
-2.43402
-0.295573
1.02858
0.470481
0.958604
0.710323
-0.0317861
-0.37632
-1.99335
1.20619
0.69783
-0.868138
-0.599607
2.80313
-0.704815
0.891139
0.190011
1.41256
0.809319
1.05148
-0.635148
0.740722
1.97879
0.600429
0.567197
-1.69357
-0.349436
-0.324188
-1.12609
0.430573
-1.60456
0.0886693
-0.32537
1.47504
-0.132673
-0.441652
-0.534664
-0.461613
0.317555
-0.242072
1.20984
-1.14975
-2.03293
-0.292336
-2.11175
-0.131822
-1.59889
-0.849983
-0.987918
2.62708
-0.933776
2.09969
0.538855
-1.52581
0.184865
1.38949
1.15553
-1.29419
1.22098
0.098982
0.754785
-1.8571
-1.8765
-1.61048
0.507369
-0.330624
-0.372262
0.248747
-0.64506
-1.81815
-0.309737
0.332135
0.487181
-0.994257

   batch        P accept         n0 mean            +/-     n0 std dev          E mean            +/-      E std dev          P mean            +/-      P std dev
   total        0.500208         3.72829     0.00251839        3.56154         18340.2         1.1815        1670.89      -0.0423469      0.0954129        134.934
