100
21
0.5
contact

-0.55597
0.969278
-0.426597
0.895791
0.0205585
1.18489
-0.966792
-0.708913
2.41226
-0.458518
0.372
-3.12501
-0.574603
0.235947
-0.712125
1.65599
0.41482
-1.78397
0.655327
-1.77416
-2.51627
1.31908
0.827463
-0.497315
0.85566
-0.528842
-0.118353
0.430915
-0.346766
2.16087
-1.114
0.0792179
-0.377637
1.827
0.417264
1.30184
-1.64307
0.560884
1.56769
-0.544793
0.636089
-0.80142
0.188854
-0.388064
-0.223824
-0.651347
0.215187
0.597796
-0.715725
-0.0244818
0.53151
1.76224
0.702225
-0.198524
0.49972
1.14287
-1.09033
-0.49558
-0.263025
0.497338
-2.03522
0.0398312
1.89618
-0.468845
-1.46594
-1.1064
-2.29533
0.0847779
-0.116587
-0.736751
-1.27298
1.1569
0.164627
-0.654627
1.46816
-0.554833
0.250792
0.917457
0.364939
0.154892
1.02008
-0.208192
-1.80601
-1.237
-0.474787
0.999231

   batch        P accept         n0 mean            +/-     n0 std dev          E mean            +/-      E std dev          P mean            +/-      P std dev
   total        0.499621         3.49632     0.00235916        3.33635           19606        1.26391        1787.44         0.41378      0.0988404        139.781
