100
23
0.5
contact

0.944848
-0.364266
-0.0847498
0.383008
0.269057
-1.17627
0.391544
0.0459561
0.630166
-0.493856
0.287242
0.523019
-1.28495
1.4373
0.828051
2.02081
0.182497
1.18824
1.40251
0.078125
-1.75697
0.226236
-1.04908
-2.25258
-0.186915
0.964975
0.524502
1.61217
-0.0945032
1.56863
0.379519
2.4442
0.327451
0.812044
1.85145
-0.599725
0.0323829
-0.0958399
0.321622
0.178496
1.03747
-0.238901
-1.53636
0.396351
0.146103
0.0769509
0.270015
-0.817221
0.882716
-0.277375
0.110531
0.681755
1.98679
0.0338665
1.1984
-1.32604
-1.59603
0.398895
-0.931466
-0.817054
-1.27732
0.822971
1.60742
-1.34486
-1.76197
1.23468
0.606381
1.13411
0.966565
0.00470501
1.30858
-1.37698
-0.149962
-0.3986
2.43551
-0.426643
1.06914
0.458022
0.329656
-0.0832544
-1.91573
1.32042
-0.500668
0.456657
-1.08256
-0.374957
-0.431217
-1.05702
-0.406826
0.668981
-0.757093
1.84623
-0.995615
-1.16849

   batch        P accept         n0 mean            +/-     n0 std dev          E mean            +/-      E std dev          P mean            +/-      P std dev
   total        0.499805         3.08967     0.00209693        2.96551         22333.6        1.44599        2044.93        -0.18622       0.105674        149.446
