100
5
0.5
contact
1

-0.860691
2.0241
0.343417
-0.261178
-0.680392
-8.36711
0.59875
1.73102
-0.472218
-1.49189
0.571728
0.542393
0.301752
-0.887842
-0.0563236
-2.74592
0.076914
-2.7118
-0.340859
-1.17527
0.705201
0.550353

   batch        P accept         n0 mean            +/-     n0 std dev          E mean            +/-      E std dev          P mean            +/-      P std dev
   total        0.499965         53.4959     0.00568723        25.4341          5434.9      0.0316995        141.764        -1.60917     0.00814293        36.4163

    mode      occupation             +/-         std dev
      -5        0.749992     0.000172541        0.771628
      -4         1.19827     0.000276095         1.23474
      -3         2.13117     0.000498778          2.2306
      -2         4.63867      0.00112899         5.04901
      -1         15.1479      0.00381183          17.047
       0         53.4959      0.00568723         25.4341
       1         14.1805      0.00354562         15.8565
       2         4.45559      0.00107583         4.81125
       3         2.08546      0.00048946         2.18893
       4         1.17834     0.000270157         1.20818
       5        0.738231     0.000169856        0.759618
