100
12
-0.0696646
custom

0.997977
0.823847
0.620834
0.466594
0.355799
0.276461
0.218943
0.17652
0.14465
0.120276
0.10132
0.086347
0.0743516
0.0646171
0.0566241
0.0499908
0.044432
0.0397324
0.0357267
0.0322872
0.0293135
0.0267268
0.0244629
0.0224714
0.0207107

-0.0967166
0.128067
-0.260889
0.12199
-0.174414
0.369041
-0.886703
1.05653
-1.60023
1.85274
-2.60881
2.92719
-2.94794
2.96321
-2.95761
2.4873
-1.91035
1.61117
-1.13607
0.975867
-0.587762
0.428327
-0.200489
0.0975021
-0.0852448
-0.0735346
0.0311753
-0.129334
0.212363
-0.555922
0.678359
-0.932023
1.30871
-1.63659
2.09578
-2.18011
2.23519
-2.30077
1.91922
-1.50698
1.30155
-0.95551
0.744474
-0.401352
0.326927
-0.0849931
0.127814
-0.184876
-0.0208286
0.0380048

   batch        P accept         n0 mean            +/-     n0 std dev          E mean            +/-      E std dev          P mean            +/-      P std dev
   total        0.501213         14.2992     0.00231617       0.838541        -2911.91      0.0230062        8.32909      -0.0837338      0.0256969        9.30323
