100
8
-0.0340395
custom

0.997977
0.823847
0.620834
0.466594
0.355799
0.276461
0.218943
0.17652
0.14465
0.120276
0.10132
0.086347
0.0743516
0.0646171
0.0566241
0.0499908
0.044432

-0.149836
0.034296
0.432419
0.807942
0.461943
-2.08953
-3.23343
-1.49743
2.77587
4.37518
1.62318
-1.13769
-1.62627
-0.941892
0.162445
0.426241
0.10439
0.0397405
0.092463
0.536411
-0.440415
-1.61722
-1.87579
0.600327
3.79883
3.49613
0.0239689
-2.76228
-2.24628
-0.364355
0.757126
0.471782
0.197863
-0.218209

   batch        P accept         n0 mean            +/-     n0 std dev          E mean            +/-      E std dev          P mean            +/-      P std dev
   total        0.500252         20.5728     0.00418815        1.51626        -1107.22      0.0185766        6.72541        0.240545      0.0255422        9.24722
