100
9
-0.0414717
custom

0.997977
0.823847
0.620834
0.466594
0.355799
0.276461
0.218943
0.17652
0.14465
0.120276
0.10132
0.086347
0.0743516
0.0646171
0.0566241
0.0499908
0.044432
0.0397324
0.0357267

-0.18888
0.0338688
0.260752
0.692025
1.25557
1.07209
0.221046
-1.93324
-3.71244
-4.2001
-2.65861
-0.522241
1.30253
1.83575
0.974651
0.500221
-0.0286436
0.0160413
-0.114078
-0.0676013
-0.0181512
-0.389889
-0.0496633
0.463624
1.37054
2.71999
2.68134
1.4565
-1.01602
-3.26791
-3.33824
-2.21567
-0.752857
0.358819
0.549134
0.227775
0.281172
-0.0681969

   batch        P accept         n0 mean            +/-     n0 std dev          E mean            +/-      E std dev          P mean            +/-      P std dev
   total        0.501091         18.5765     0.00361479        1.30869        -1455.46      0.0201446         7.2931        0.315789      0.0260049        9.41475
