100
10
0.25
contact
1

-0.284624
-0.797633
-1.3475
0.128835
0.0492533
-0.0566374
2.919
-1.09831
-0.43297
1.78691
1.36962
1.88986
0.558873
0.278659
0.692984
-0.0556818
0.674024
1.45177
-1.30274
0.370106
1.06238
-0.882553
-0.538954
-0.460706
-2.07647
-0.313126
3.44261
-0.379932
2.38932
-1.23409
2.97205
-1.49578
1.25964
-2.50171
0.543958
4.89244
0.279404
0.893085
1.40351
0.018394
-1.13797
0.533443

   batch        P accept         n0 mean            +/-     n0 std dev          E mean            +/-      E std dev          P mean            +/-      P std dev
   total        0.499746         10.5435       0.006631        9.37765          5432.7       0.374001        528.918      -0.0685782      0.0555574          78.57

    mode      occupation             +/-         std dev
     -10            1.37      0.00097267         1.37556
      -9         1.63881      0.00115916          1.6393
      -8         1.98353      0.00140024         1.98024
      -7          2.4598      0.00173443         2.45285
      -6         3.09156      0.00217772         3.07977
      -5         3.94882       0.0027605         3.90393
      -4         5.09456      0.00351203         4.96675
      -3         6.67146      0.00452244          6.3957
      -2          8.5341      0.00556187         7.86566
      -1         9.98425      0.00632981         8.95171
       0         10.5435        0.006631         9.37765
       1         9.95621      0.00630927         8.92265
       2         8.43423      0.00551607          7.8009
       3         6.63927      0.00447835         6.33334
       4         5.13606      0.00353403         4.99788
       5          3.9664      0.00277357         3.92242
       6         3.09964       0.0021751         3.07606
       7         2.46456      0.00173823         2.45823
       8         1.98064      0.00140447         1.98622
       9          1.6332      0.00115502         1.63345
      10         1.36937     0.000970121         1.37196
