100
11
0.25
contact
1

-1.33736
0.292956
-1.41301
0.834425
-1.12856
1.97223
-2.13183
-0.189933
0.104852
3.41376
-0.574872
2.19645
-0.732402
-0.895802
3.47333
0.183169
1.54399
0.428085
-0.773655
-0.411098
0.166333
0.36252
-0.53338
-0.354923
0.659678
-0.86319
-0.843347
0.52313
-2.35906
0.734644
1.13443
1.28782
1.11596
-0.155527
4.09985
2.14018
-1.12009
0.208334
-0.876163
-0.575595
0.804187
-2.09642
2.95864
1.20265
0.0906523
-0.0864428

   batch        P accept         n0 mean            +/-     n0 std dev          E mean            +/-      E std dev          P mean            +/-      P std dev
   total        0.500178         9.01242     0.00575912        8.14462         6091.37       0.434668        614.713       -0.621467      0.0601556        85.0729

    mode      occupation             +/-         std dev
     -11         1.36887     0.000967814          1.3687
     -10         1.60724      0.00113694         1.60787
      -9         1.90192        0.001345         1.90212
      -8         2.28798      0.00161786           2.288
      -7         2.77887      0.00194472         2.75025
      -6          3.4103      0.00238165         3.36816
      -5          4.2136      0.00291944         4.12871
      -4          5.2284       0.0035687         5.04691
      -3         6.45148      0.00434604         6.14623
      -2         7.70382       0.0050474          7.1381
      -1          8.6614      0.00556858         7.87516
       0         9.01242      0.00575912         8.14462
       1          8.5956      0.00553391         7.82612
       2         7.60667      0.00499628         7.06581
       3         6.40289      0.00430618         6.08986
       4         5.22845       0.0035703         5.04916
       5         4.22323      0.00292795         4.14075
       6         3.39293      0.00237355          3.3567
       7          2.7704      0.00195024         2.75806
       8         2.27686      0.00160296         2.26693
       9         1.89934       0.0013432         1.89956
      10         1.60868      0.00113938         1.61133
      11         1.36864      0.00096777         1.36863
