100
12
0.25
contact
1

0.259621
1.01316
0.227791
0.232245
-1.06229
0.737713
2.24546
-1.48086
0.973569
0.0270741
1.09468
1.10104
-0.523664
-0.465469
3.34502
0.131112
1.09781
-0.441497
-1.0941
-2.23296
1.26869
1.33475
-0.41242
0.919566
0.395997
-0.758642
0.944891
-0.281587
-0.25911
0.17244
2.14253
-0.20339
1.92503
3.00229
-0.568017
-1.70909
2.97733
-4.05797
-1.95262
-1.36458
-0.949385
0.251089
-0.839058
0.708048
0.419149
1.63037
-1.63818
-0.615437
-0.853053
0.806081

   batch        P accept         n0 mean            +/-     n0 std dev          E mean            +/-      E std dev          P mean            +/-      P std dev
   total        0.500227         7.81387     0.00505379        7.14714         6795.99       0.496885        702.702        0.190213      0.0646568        91.4385

    mode      occupation             +/-         std dev
     -12         1.35935     0.000962509         1.36119
     -11         1.57739       0.0011119         1.57246
     -10         1.82118      0.00128765         1.82102
      -9         2.13586      0.00150373         2.12659
      -8         2.51463      0.00176435         2.49516
      -7         2.99809      0.00210004         2.96991
      -6          3.6069      0.00249641         3.53046
      -5          4.3141      0.00297785         4.21131
      -4          5.1335      0.00350429         4.95581
      -3         6.08539      0.00405169         5.72995
      -2          6.9329      0.00457262         6.46666
      -1         7.61701      0.00495981         7.01422
       0         7.81387      0.00505379         7.14714
       1         7.59641      0.00492277         6.96184
       2         6.90848      0.00454205         6.42343
       3         6.05327       0.0040485         5.72544
       4         5.18148      0.00351555         4.97173
       5         4.31735      0.00298093         4.21567
       6         3.61189      0.00250667         3.54497
       7         3.00116       0.0020958         2.96391
       8         2.52682      0.00177469         2.50979
       9         2.13612      0.00150843         2.13324
      10         1.81867      0.00128336         1.81495
      11         1.57326      0.00110572         1.56373
      12         1.36493     0.000965063          1.3648
