100
13
0.25
contact
1

0.429701
0.796142
1.70181
-0.943827
-0.941011
2.01344
-0.588627
-1.65076
-0.80557
-0.83719
-0.0479646
2.51062
-2.12173
-1.5058
-0.140125
3.86469
1.71163
-1.80942
1.28464
0.36555
0.609511
0.385417
1.1341
1.29942
-1.01568
-0.876169
0.874649
0.507041
-1.97089
0.254856
-0.768137
-0.263052
0.673487
-1.62819
-1.16266
-2.40866
0.291566
-1.05498
-0.0458214
0.0218146
-1.1239
-0.523152
-3.59107
-0.988551
1.58873
-0.00646965
-0.387285
1.24163
-0.219775
-1.18688
-2.51475
0.255955
0.381043
-0.124124

   batch        P accept         n0 mean            +/-     n0 std dev          E mean            +/-      E std dev          P mean            +/-      P std dev
   total        0.500051         6.92504     0.00449379        6.35517          7548.5       0.561148        793.583       -0.160895      0.0687219        97.1874

    mode      occupation             +/-         std dev
     -13         1.35169     0.000955402         1.35114
     -12         1.52991      0.00107927         1.52631
     -11         1.75329      0.00123512         1.74673
     -10         2.00976      0.00140947         1.99329
      -9         2.32005      0.00162683         2.30068
      -8         2.70445      0.00188559         2.66663
      -7         3.15012      0.00218925         3.09607
      -6         3.70986      0.00256616         3.62909
      -5         4.31171      0.00294608         4.16638
      -4         4.96458      0.00335927         4.75072
      -3         5.69068      0.00379018         5.36012
      -2         6.29855      0.00416188         5.88578
      -1          6.7641      0.00442337         6.25559
       0         6.92504      0.00449379         6.35517
       1         6.70747      0.00438151         6.19639
       2         6.31593      0.00417226         5.90046
       3          5.6829      0.00378758         5.35645
       4         4.99487      0.00338432         4.78615
       5         4.32275      0.00295719         4.18209
       6         3.68679       0.0025555         3.61402
       7         3.14858      0.00218815         3.09451
       8         2.70304      0.00189195         2.67562
       9         2.32493      0.00163338         2.30995
      10         2.00428      0.00140894         1.99254
      11         1.74759      0.00122737         1.73577
      12         1.52888      0.00107958         1.52676
      13         1.34818     0.000950013         1.34352
