100
14
0.25
contact
1

0.21007
-0.319362
0.328367
0.973624
-0.569994
-0.256094
-0.359822
-0.426987
1.58145
1.26409
-1.72592
2.83246
0.116904
3.55156
-0.162011
1.4489
-1.37064
-2.82439
1.94256
1.66713
-2.19973
-0.369106
-1.4397
-0.659784
0.634956
1.85769
-2.05396
-1.22126
-0.198318
-1.244
-1.84788
-0.926919
0.560971
1.28272
-1.19824
1.97604
0.0905792
-1.50239
0.284528
-1.76581
-0.211652
-2.24756
1.06359
-0.716886
-1.13543
-1.61302
0.252258
-0.139818
-1.59897
0.795016
0.193038
0.0125152
-0.683223
-0.588776
0.847231
-0.417508
0.716125
0.013229

   batch        P accept         n0 mean            +/-     n0 std dev          E mean            +/-      E std dev          P mean            +/-      P std dev
   total        0.499769         6.16468     0.00402598        5.69359         8355.22       0.628082        888.242       0.0924381      0.0728182         102.98

    mode      occupation             +/-         std dev
     -14         1.32944     0.000935937         1.32361
     -13         1.49741      0.00105478         1.49168
     -12         1.67929      0.00118173         1.67122
     -11         1.90301      0.00133452         1.88729
     -10         2.16012      0.00151166         2.13781
      -9         2.46185      0.00171994         2.43236
      -8         2.82756      0.00196589         2.78018
      -7         3.24689       0.0022531         3.18636
      -6         3.70534      0.00254929         3.60524
      -5         4.22534      0.00288351          4.0779
      -4         4.75861      0.00321075         4.54068
      -3         5.31218      0.00355524         5.02787
      -2         5.74583      0.00380641         5.38308
      -1         6.07024      0.00399467         5.64932
       0         6.16468      0.00402598         5.69359
       1         6.03845      0.00398082         5.62973
       2         5.77422      0.00381774         5.39909
       3         5.26397      0.00351567          4.9719
       4         4.78774      0.00323956         4.58143
       5         4.21732      0.00288078         4.07403
       6         3.71968      0.00255541         3.61389
       7         3.23139      0.00223332         3.15839
       8          2.8336      0.00196862         2.78405
       9         2.47879      0.00172841         2.44435
      10         2.16455      0.00151482         2.14228
      11          1.9002      0.00133366         1.88608
      12          1.6837      0.00119112          1.6845
      13         1.49113      0.00105198         1.48773
      14         1.32749     0.000936029         1.32374
