100
15
0.25
contact
1

-0.487796
-0.498209
-2.14546
0.245813
-0.116759
-0.374918
1.6838
-0.904177
1.38237
0.346837
0.0519097
0.51625
-2.81193
2.34022
2.56287
-0.674938
0.0668575
0.167305
-1.94203
-1.15971
-1.13051
-2.20468
-0.471543
1.63495
-0.571426
1.28998
0.603321
1.25648
-1.14681
-0.0704857
1.104
0.251174
1.09605
0.301668
-0.756742
0.504961
-1.47965
0.518776
1.12774
2.66513
0.100316
-0.540438
-0.797621
0.917221
3.05193
0.0677186
2.23648
-0.0281511
0.351687
0.235625
2.49627
0.716573
-0.388233
-0.374735
-1.08766
-1.49038
2.39024
-1.09142
0.93732
-0.169881
-0.3624
0.021045

   batch        P accept         n0 mean            +/-     n0 std dev          E mean            +/-      E std dev          P mean            +/-      P std dev
   total        0.499721         5.57319     0.00368818        5.21588         9212.03       0.699232        988.863       -0.721322      0.0769151        108.774

    mode      occupation             +/-         std dev
     -15         1.30642     0.000919193         1.29993
     -14         1.44971      0.00102124         1.44426
     -13         1.62069      0.00114161         1.61448
     -12         1.80822       0.0012718          1.7986
     -11         2.03399      0.00142607         2.01677
     -10         2.28777      0.00159439          2.2548
      -9         2.57455      0.00179372          2.5367
      -8         2.90334      0.00201505         2.84972
      -7         3.26262       0.0022514         3.18396
      -6         3.66565      0.00250765         3.54635
      -5          4.1104      0.00280239         3.96318
      -4         4.57232      0.00309185         4.37253
      -3         4.93542      0.00328526         4.64606
      -2         5.26243      0.00349611         4.94424
      -1          5.4699      0.00362976         5.13325
       0         5.57319      0.00368818         5.21588
       1         5.48296       0.0036275         5.13005
       2         5.26765      0.00349722         4.94582
       3         4.92669      0.00329585         4.66103
       4         4.54556      0.00306998          4.3416
       5         4.07737      0.00276976         3.91704
       6         3.65718      0.00250781         3.54657
       7         3.26059      0.00224959          3.1814
       8         2.88662      0.00199709          2.8243
       9         2.57179      0.00179306         2.53577
      10         2.28689      0.00159462         2.25514
      11         2.01812      0.00141188          1.9967
      12         1.80811        0.001269         1.79464
      13         1.61438      0.00113528         1.60552
      14          1.4558      0.00102447         1.44881
      15         1.30366     0.000919214         1.29996
