100
16
0.25
contact
1

0.106617
-0.0278748
0.110575
0.567888
-0.647989
-0.0880927
-0.978972
-0.884083
0.0406159
0.941367
1.09288
-0.0754205
1.41658
-3.38572
-1.25873
0.400465
-1.89412
2.06879
-1.03096
-0.569225
-1.88583
1.14268
0.0410485
-1.48023
-0.149864
2.71245
-2.28364
0.291344
0.277214
0.506161
1.54787
-0.163221
-0.594836
1.0892
0.462705
0.0939275
-1.34718
2.18471
-1.40138
-0.771584
-0.630791
1.5416
1.36141
-3.33229
1.10642
0.510671
-1.20021
1.25133
0.529098
0.689362
0.722766
-0.269912
-0.486836
0.232793
0.267857
0.814814
3.05633
1.45373
1.25954
0.539045
-0.757854
-0.193373
-0.0752959
-0.73906
-0.516893
0.406659

   batch        P accept         n0 mean            +/-     n0 std dev          E mean            +/-      E std dev          P mean            +/-      P std dev
   total        0.500213         5.06639     0.00336776        4.76274         10126.6       0.769588        1088.36       -0.181894       0.080884        114.387

    mode      occupation             +/-         std dev
     -16         1.28416     0.000904152         1.27866
     -15         1.41369     0.000994542         1.40649
     -14         1.55738      0.00109364         1.54664
     -13         1.72248      0.00120685         1.70675
     -12         1.91217       0.0013412         1.89674
     -11         2.12948      0.00148783         2.10411
     -10         2.36359      0.00164518         2.32663
      -9         2.63556      0.00182789         2.58503
      -8         2.92663       0.0020206         2.85756
      -7         3.25072      0.00224364         3.17299
      -6         3.59559       0.0024549         3.47176
      -5         3.94177      0.00267071         3.77695
      -4         4.29888      0.00289703         4.09701
      -3         4.60923      0.00309179         4.37244
      -2         4.84299      0.00322393         4.55932
      -1         5.02122      0.00332862         4.70738
       0         5.06639      0.00336776         4.76274
       1         4.99915      0.00331844         4.69298
       2         4.81726       0.0032138           4.545
       3         4.59164      0.00307091         4.34292
       4         4.27665      0.00288197         4.07571
       5         3.94861      0.00268209         3.79305
       6         3.60148      0.00246504         3.48609
       7         3.25054      0.00223655         3.16295
       8         2.93524      0.00202306         2.86104
       9         2.63298      0.00182033         2.57433
      10         2.35935      0.00164396         2.32491
      11         2.12476      0.00148315         2.09749
      12         1.91166      0.00133758         1.89162
      13         1.71958       0.0012064         1.70611
      14         1.56054      0.00109787         1.55263
      15         1.41289     0.000996198         1.40884
      16         1.28573     0.000904552         1.27923
