100
17
0.25
contact
1

-0.0783126
-1.25058
-0.0696148
1.33945
1.3049
-0.106848
0.344717
0.344773
1.41765
-0.358463
0.753588
-0.000432745
0.759236
-1.72345
1.1686
-2.79115
2.01995
1.07522
2.50764
0.793057
2.53234
-0.455635
2.48993
1.08709
-0.560184
0.937765
1.09893
0.58484
-0.339297
0.287644
0.427441
-0.771499
-0.836407
0.238617
0.104629
-1.02666
0.177682
-0.685113
-0.14833
-2.13923
0.348107
1.06809
-0.956487
0.0513087
-0.674555
1.00927
2.3249
-0.521769
1.20598
2.28534
-0.557133
-0.247223
0.815731
-2.35899
-0.409341
-1.15661
-0.739827
-0.325277
2.14806
1.16582
1.79614
1.27006
0.0915558
-0.568704
0.175562
0.619319
0.346067
0.600286
2.174
0.970726

   batch        P accept         n0 mean            +/-     n0 std dev          E mean            +/-      E std dev          P mean            +/-      P std dev
   total        0.500089           4.642     0.00308758        4.36649         11091.8       0.845661        1195.94        0.308849      0.0845771         119.61

    mode      occupation             +/-         std dev
     -17         1.25846     0.000886578         1.25381
     -16         1.37329      0.00096446         1.36395
     -15         1.50287      0.00105421         1.49088
     -14         1.64998      0.00115667         1.63578
     -13         1.81002      0.00126601          1.7904
     -12         1.99318      0.00138903         1.96439
     -11         2.19078       0.0015241         2.15541
     -10         2.41087      0.00167736         2.37214
      -9         2.66602      0.00184402         2.60783
      -8          2.9122      0.00200446         2.83474
      -7         3.20776      0.00220041         3.11185
      -6         3.48466       0.0023764         3.36073
      -5         3.77767      0.00256664         3.62977
      -4         4.04216      0.00272325         3.85125
      -3         4.26497      0.00286786         4.05577
      -2         4.51463      0.00301671         4.26628
      -1         4.61097      0.00307988         4.35561
       0           4.642      0.00308758         4.36649
       1         4.60434      0.00306975         4.34128
       2          4.4845      0.00299901         4.24124
       3         4.27704      0.00287341         4.06362
       4         4.04865      0.00272838         3.85851
       5         3.78912      0.00256733         3.63075
       6         3.49012      0.00238418         3.37174
       7         3.20519      0.00219403         3.10282
       8         2.92293      0.00200809         2.83986
       9         2.66399      0.00183921         2.60103
      10         2.41409      0.00167898         2.37444
      11         2.19177       0.0015279         2.16078
      12         1.99454      0.00139408         1.97153
      13         1.80809      0.00126552         1.78971
      14         1.64936      0.00115323         1.63092
      15         1.50448      0.00105762          1.4957
      16         1.37727     0.000969408         1.37095
      17         1.26202     0.000887148         1.25462
