100
18
0.25
contact
1

0.446706
-0.285726
0.410189
-1.34283
0.0931144
-1.81227
0.237147
0.128241
-2.38499
0.0285954
-1.38374
0.236756
-0.0804144
2.55897
0.308229
-0.210479
1.62476
0.0671801
-0.476319
-0.124077
-2.58403
0.376158
-0.967989
1.14536
-3.00639
-1.21791
-1.54796
0.9427
-1.70535
0.385578
-1.01749
0.000830489
-0.480895
-0.937783
-0.722988
-1.68637
0.80643
-0.435604
-0.383402
1.37552
-0.152505
1.61754
0.277789
0.137605
-1.19745
0.0723424
-1.20576
-0.316015
-0.524003
-2.76529
-0.915936
0.970122
2.78075
1.23799
-1.7871
-1.00245
-0.660448
-0.0999412
1.02567
0.998072
-1.03791
-0.935316
0.420203
-0.11649
0.497242
-0.885065
-1.4326
1.61745
-0.246049
-1.75547
-0.0300105
0.525193
-0.0885966
0.402659

   batch        P accept         n0 mean            +/-     n0 std dev          E mean            +/-      E std dev          P mean            +/-      P std dev
   total        0.499507         4.27915     0.00286058        4.04547           12127       0.924794        1307.86        0.170547      0.0882323        124.779

    mode      occupation             +/-         std dev
     -18         1.23757     0.000870599         1.23121
     -17         1.34018     0.000942125         1.33237
     -16         1.45991      0.00102385         1.44794
     -15         1.58313      0.00110986         1.56958
     -14         1.72444      0.00120659         1.70638
     -13          1.8791      0.00131403         1.85832
     -12         2.05082      0.00142972         2.02193
     -11          2.2424      0.00155784         2.20312
     -10         2.43694      0.00167804          2.3731
      -9          2.6671      0.00183849         2.60002
      -8         2.88452      0.00198341         2.80496
      -7         3.12518      0.00214049         3.02711
      -6         3.36993      0.00229327         3.24317
      -5         3.59101      0.00243203         3.43941
      -4         3.83935       0.0025883         3.66041
      -3         4.01681      0.00269725         3.81449
      -2         4.16909      0.00279179         3.94819
      -1         4.24606      0.00284181         4.01893
       0         4.27915      0.00286058         4.04547
       1         4.24901       0.0028433         4.02103
       2         4.14653      0.00277749         3.92796
       3         4.01142      0.00269333         3.80894
       4          3.8211      0.00258168         3.65104
       5         3.60078      0.00244206         3.45359
       6         3.37962       0.0023059         3.26104
       7         3.12857      0.00214389         3.03192
       8         2.89376       0.0019887         2.81244
       9         2.66662      0.00184156         2.60436
      10         2.43884      0.00169296         2.39421
      11         2.23205      0.00155083          2.1932
      12         2.05404      0.00143239          2.0257
      13         1.88192      0.00131609         1.86124
      14         1.72699       0.0012044         1.70327
      15         1.58875      0.00111388         1.57526
      16         1.45394      0.00101967         1.44203
      17         1.34438     0.000943363         1.33412
      18         1.23898     0.000870664          1.2313
