100
19
0.25
contact
1

1.20246
0.0364191
-0.767797
0.362342
-1.80982
-1.51674
1.12202
1.23585
-0.71317
-0.0209453
0.887407
-0.315095
0.152816
-1.65571
-1.58317
-0.123519
-1.34727
1.58041
-0.602307
0.717062
-1.87019
0.873566
0.386139
-2.68783
-0.912066
-1.44556
-1.03239
-2.71094
-0.655498
-2.06664
0.358427
-1.08469
-0.768793
0.536454
0.39808
-1.85879
0.330647
0.222899
0.215103
0.555629
-0.89407
-0.70872
1.5651
-1.42389
-0.1904
-0.255685
0.678903
-0.0781406
0.372816
0.614333
-0.0732214
2.64
1.2229
-1.00307
-1.63612
-0.515059
1.42358
-0.317217
1.65018
2.07751
-0.612079
1.05643
-1.13263
-0.99535
0.157895
-1.50065
-0.39228
1.76192
-1.01405
-0.725574
-1.02969
0.929939
0.0696807
-0.241889
-0.804764
-0.0387235
1.18359
0.523117

   batch        P accept         n0 mean            +/-     n0 std dev          E mean            +/-      E std dev          P mean            +/-      P std dev
   total        0.500097         3.96531     0.00265985         3.7616         13205.3        1.00424         1420.2       0.0874388      0.0920168        130.131

    mode      occupation             +/-         std dev
     -19          1.2111     0.000851561         1.20429
     -18         1.30497     0.000916404         1.29599
     -17         1.41041     0.000988973         1.39862
     -16         1.51882      0.00106386         1.50453
     -15           1.653      0.00115796          1.6376
     -14         1.78262      0.00124418         1.75953
     -13         1.93033      0.00134753         1.90569
     -12          2.0884      0.00145283         2.05461
     -11         2.25699      0.00156593         2.21456
     -10         2.44146      0.00168301         2.38013
      -9         2.64256        0.001818         2.57104
      -8         2.83834       0.0019462         2.75234
      -7         3.04081      0.00208286         2.94561
      -6         3.24358       0.0022086         3.12343
      -5         3.43941      0.00232817         3.29253
      -4         3.61491      0.00244243         3.45412
      -3         3.77317      0.00253673         3.58747
      -2         3.86984       0.0025951         3.67003
      -1         3.94111      0.00264227         3.73674
       0         3.96531      0.00265985          3.7616
       1         3.93976      0.00263949          3.7328
       2         3.89668      0.00261611         3.69974
       3         3.76669      0.00253053         3.57871
       4          3.6154      0.00244103         3.45214
       5         3.43785      0.00232735         3.29137
       6         3.24922      0.00221147         3.12749
       7         3.05393      0.00209012         2.95587
       8          2.8411       0.0019506         2.75857
       9         2.63925      0.00181733          2.5701
      10         2.43464      0.00168119         2.37756
      11         2.26276      0.00157052         2.22105
      12         2.09028      0.00145308         2.05496
      13         1.93127      0.00134557         1.90292
      14         1.77658      0.00124071         1.75463
      15         1.64764      0.00115683         1.63601
      16         1.52278      0.00106696          1.5089
      17         1.40947      0.00098864         1.39815
      18          1.3038     0.000915652         1.29493
      19         1.21379     0.000851321         1.20395
