100
20
0.25
contact
1

-1.09347
0.144237
1.01937
-1.02067
-0.581668
-0.0818848
-1.03542
0.0284095
1.08622
-0.855252
0.756302
-0.266185
-1.21495
-0.275489
-1.92969
-2.47955
-1.52253
-1.76359
0.0738941
0.753627
1.39713
-0.648143
-1.03887
-0.0819249
0.103833
-1.07564
-0.641806
3.02677
0.38209
0.122659
-1.67951
-0.679026
0.368454
2.21498
0.379529
0.167672
-0.733252
-0.160594
2.12608
-0.852969
0.119355
-1.0588
0.101854
-0.5213
-0.615389
0.141616
-0.724748
0.282932
-0.826125
-0.782105
2.03737
-0.481155
1.06535
0.265459
-1.68543
3.41846
-1.44954
0.28874
-1.25987
0.885889
0.0330811
1.75388
1.13033
-1.54513
-0.102185
-0.863943
1.19029
-0.442325
0.19349
-0.35161
-0.619422
1.54693
0.112368
1.53495
-0.14944
0.911873
-0.567993
-0.733513
-0.971408
-0.518131
0.942745
-0.132702

   batch        P accept         n0 mean            +/-     n0 std dev          E mean            +/-      E std dev          P mean            +/-      P std dev
   total        0.500211         3.70912     0.00249146        3.52346         14346.1        1.09141        1543.48         0.46446      0.0954514        134.989

    mode      occupation             +/-         std dev
     -20         1.18959     0.000835612         1.18173
     -19         1.27285     0.000892881         1.26272
     -18         1.36704     0.000960483         1.35833
     -17         1.46956      0.00103065         1.45756
     -16         1.57099      0.00109983         1.55539
     -15         1.68833      0.00117843         1.66655
     -14         1.81878      0.00126593         1.79029
     -13         1.96276      0.00136404         1.92904
     -12         2.09964      0.00145773         2.06153
     -11         2.26746      0.00156919         2.21918
     -10         2.43067      0.00167668         2.37119
      -9          2.6049      0.00179133         2.53333
      -8         2.77472      0.00190063         2.68789
      -7          2.9427      0.00200618         2.83717
      -6         3.10562      0.00211277         2.98791
      -5         3.27679      0.00222031            3.14
      -4           3.422      0.00230828          3.2644
      -3         3.54538      0.00238602         3.37435
      -2         3.62659      0.00243615         3.44523
      -1         3.67184      0.00246641         3.48803
       0         3.70912      0.00249146         3.52346
       1          3.6898      0.00247682         3.50275
       2         3.63312      0.00244482          3.4575
       3         3.54433      0.00238922         3.37886
       4         3.43285      0.00232286         3.28502
       5         3.27003      0.00222215         3.14259
       6         3.12457      0.00212618         3.00687
       7         2.95207      0.00201744         2.85309
       8          2.7791      0.00190773         2.69794
       9         2.60428      0.00179188         2.53409
      10         2.43305      0.00167608         2.37033
      11         2.26325      0.00156392         2.21171
      12           2.104      0.00146006         2.06484
      13          1.9574      0.00135958         1.92273
      14         1.82376      0.00126882         1.79439
      15         1.69712      0.00118525         1.67619
      16         1.57564      0.00110202         1.55849
      17         1.47064      0.00102893         1.45513
      18         1.36824     0.000959321         1.35668
      19         1.27104     0.000892707         1.26248
      20         1.18841     0.000836099         1.18242
