100
21
0.25
contact
1

0.0891699
-1.33713
0.147798
-0.0674868
0.305247
0.815395
-0.761061
-0.69234
1.21534
0.157205
0.400269
0.732059
1.59128
0.365456
3.39959
-0.866616
-0.225457
0.100818
-0.958904
-0.150736
-0.108451
-1.14914
2.24411
1.43608
0.200281
-2.1837
-0.534526
-1.04748
0.075466
0.154022
0.0275629
1.25118
-0.759564
-1.87683
-0.985629
-0.203598
-0.275036
0.236605
-1.36736
-1.40597
0.502336
-0.382081
-0.309283
-0.793532
0.274588
0.988204
0.0508281
-1.5274
0.104731
-1.04451
-1.96237
0.418392
-1.02346
-0.377616
-1.86213
-2.21755
-0.367687
0.284151
0.705855
0.888129
-1.05797
-0.211546
-0.155006
-0.0786152
0.954316
-0.213281
0.327699
-1.12036
2.63459
-0.986616
-0.22102
1.75123
2.55978
0.763888
-0.857286
1.59915
-0.710613
0.725403
-1.33481
-1.4984
-0.476074
0.83774
-0.651551
0.588365
-0.173815
-0.633909

   batch        P accept         n0 mean            +/-     n0 std dev          E mean            +/-      E std dev          P mean            +/-      P std dev
   total             0.5         3.47602     0.00233902        3.30787         15550.5        1.18036        1669.28         0.36259      0.0989916        139.995

    mode      occupation             +/-         std dev
     -21         1.16576     0.000819273         1.15863
     -20         1.24016       0.0008711         1.23192
     -19         1.32342     0.000929095         1.31394
     -18           1.418     0.000993183         1.40457
     -17         1.51383      0.00105828         1.49664
     -16         1.61801      0.00112973         1.59768
     -15         1.73281      0.00120744         1.70758
     -14         1.84775      0.00128376         1.81551
     -13         1.97622      0.00136764         1.93414
     -12         2.11057       0.0014634         2.06956
     -11          2.2484      0.00154844         2.18983
     -10         2.39628      0.00165093         2.33477
      -9         2.55806      0.00175115          2.4765
      -8          2.6966      0.00184894          2.6148
      -7         2.84019      0.00193793         2.74065
      -6          2.9893      0.00203138          2.8728
      -5         3.12386      0.00211604         2.99253
      -4         3.24478      0.00220081         3.11242
      -3         3.33491      0.00225342         3.18682
      -2         3.41911      0.00230468         3.25931
      -1         3.45309      0.00232548         3.28872
       0         3.47602      0.00233902         3.30787
       1         3.44719       0.0023168         3.27645
       2          3.4089        0.002299         3.25127
       3         3.34101       0.0022543         3.18806
       4           3.233      0.00218599         3.09145
       5         3.12729      0.00211869         2.99628
       6         3.00003      0.00204546         2.89271
       7         2.85405      0.00194644         2.75268
       8         2.70201      0.00185075         2.61736
       9          2.5526      0.00175311         2.47927
      10         2.39859      0.00165295         2.33762
      11         2.24833      0.00155593         2.20042
      12         2.11045      0.00145934         2.06382
      13          1.9797      0.00137426          1.9435
      14         1.85243      0.00128598         1.81865
      15         1.72894      0.00120376         1.70237
      16         1.61826      0.00113082         1.59921
      17         1.51478      0.00105959         1.49849
      18         1.42071     0.000996755         1.40962
      19         1.32656     0.000930739         1.31626
      20         1.24201     0.000871067         1.23187
      21         1.16604     0.000819734         1.15928
