100
22
0.25
contact
1

0.158858
0.341873
0.427145
-0.216238
2.11229
-1.07681
0.0582029
0.239638
0.660627
1.05159
0.692578
1.4813
-2.41463
1.41008
2.03585
-0.485515
-0.439149
1.39696
2.10467
0.197593
0.503953
-3.22577
2.35211
0.553679
0.158044
0.525443
1.63756
-1.87689
-0.499907
0.847254
-0.596814
0.101968
0.966245
0.161282
-0.0852284
0.576446
0.329792
-0.0196006
0.928136
-1.60761
0.297326
0.742266
0.503838
-1.30789
-0.339168
-0.758428
0.700707
0.078742
0.150883
0.134764
0.122343
0.0929097
-0.651185
-1.76263
0.292442
-1.49804
0.0418966
-0.298314
1.40495
-0.434934
-0.654491
0.60842
0.878379
-0.878211
-0.0348515
0.0490999
-1.88242
1.43993
-0.0687321
0.771855
0.531707
-0.904444
0.558876
-2.02755
0.0251612
1.57629
0.313373
0.320289
0.883894
1.13198
1.29012
0.680764
-0.0399467
0.126938
0.771322
-0.696213
-0.792378
2.48211
0.110143
0.945751

   batch        P accept         n0 mean            +/-     n0 std dev          E mean            +/-      E std dev          P mean            +/-      P std dev
   total        0.499979         3.26188     0.00220066         3.1122           16813        1.27029        1796.46        0.136646       0.102167        144.486

    mode      occupation             +/-         std dev
     -22          1.1425     0.000801757         1.13386
     -21         1.21154     0.000849237           1.201
     -20         1.28499     0.000901035         1.27426
     -19         1.36968     0.000958659         1.35575
     -18          1.4555      0.00101663         1.43773
     -17         1.54978       0.0010821         1.53032
     -16         1.64853      0.00114862          1.6244
     -15         1.75333      0.00121972         1.72494
     -14         1.86554      0.00129655          1.8336
     -13         1.98188      0.00137594         1.94587
     -12         2.10983      0.00145532         2.05813
     -11         2.22997      0.00153824          2.1754
     -10         2.36285      0.00162121         2.29274
      -9         2.48705      0.00170914         2.41709
      -8         2.62932      0.00179654         2.54069
      -7         2.75234        0.001881         2.66013
      -6         2.85986      0.00194819         2.75516
      -5         2.98183      0.00202348         2.86164
      -4           3.076      0.00208948         2.95498
      -3         3.15105      0.00213026         3.01264
      -2         3.20733       0.0021618         3.05725
      -1         3.24974       0.0021943          3.1032
       0         3.26188      0.00220066          3.1122
       1         3.24918      0.00219026         3.09749
       2         3.21973       0.0021706         3.06969
       3         3.15139      0.00213137         3.01421
       4         3.07129      0.00207695         2.93726
       5         2.98244      0.00202774         2.86765
       6         2.86597      0.00195235         2.76104
       7         2.74961      0.00187894         2.65723
       8         2.62784      0.00179585         2.53972
       9          2.4947      0.00171047         2.41897
      10         2.36194      0.00162467         2.29763
      11         2.22122      0.00153398         2.16938
      12         2.10819      0.00145867         2.06288
      13         1.98253      0.00137212         1.94047
      14          1.8684      0.00129565         1.83233
      15         1.75513      0.00121981         1.72507
      16         1.65051      0.00114878         1.62461
      17         1.54689      0.00107944         1.52655
      18          1.4578      0.00101582         1.43658
      19         1.37196     0.000960219         1.35795
      20         1.29008     0.000905066         1.27996
      21         1.20983     0.000848235         1.19959
      22         1.14106     0.000801414         1.13337
