100
23
0.25
contact
1

-0.900463
-0.137814
-1.13851
0.0723466
-0.170718
0.122124
-0.73063
-0.08814
-0.712365
-0.157855
-0.656875
-2.02799
0.640968
-1.24118
-1.94905
-0.545034
-0.873833
-0.603551
0.46046
-0.56969
-1.49097
0.181044
1.32657
0.576176
2.05356
-1.55765
1.71492
0.180927
-0.455358
-0.564925
0.508514
1.31191
0.164362
0.55327
-0.870037
0.860314
0.286361
-0.96907
1.29865
-0.859567
-1.32576
-0.837527
0.27651
1.13468
-0.130373
1.06026
0.0215412
-1.04346
0.117106
-0.790141
0.638349
-1.03172
-0.962018
0.0667416
0.475039
-1.56911
0.446616
-0.11041
0.163653
-0.242863
3.33399
0.04823
-0.0770216
-0.15534
0.68452
-0.644931
2.79681
-1.27798
-0.67254
0.279958
0.666235
-0.462456
1.10741
-0.476707
0.832008
0.60836
-0.247868
-3.58606
-0.288564
-1.40551
1.70508
0.203328
-0.506542
0.0217892
0.406592
0.445911
1.50995
-1.87238
0.624102
0.723559
-0.309063
0.253894
0.251141
-0.0710171

   batch        P accept         n0 mean            +/-     n0 std dev          E mean            +/-      E std dev          P mean            +/-      P std dev
   total        0.500272         3.05831     0.00207064        2.92833         18156.4        1.35873        1921.54         -0.2841       0.105657        149.422

    mode      occupation             +/-         std dev
     -23         1.12079     0.000785999         1.11157
     -22         1.18718     0.000832259         1.17699
     -21          1.2556      0.00087958         1.24391
     -20         1.32503     0.000928012         1.31241
     -19         1.40904      0.00098621         1.39471
     -18         1.48986      0.00103878         1.46906
     -17         1.57784      0.00109893         1.55412
     -16          1.6719      0.00116413         1.64633
     -15         1.76548      0.00122429         1.73141
     -14         1.87307      0.00129827         1.83604
     -13         1.97862      0.00136811          1.9348
     -12         2.09545      0.00144672         2.04598
     -11         2.20274      0.00151721         2.14567
     -10         2.31733      0.00159243         2.25204
      -9         2.43388      0.00166396          2.3532
      -8         2.54736      0.00174083         2.46191
      -7         2.65563      0.00181232         2.56301
      -6         2.73983      0.00186589         2.63876
      -5         2.85088      0.00193932         2.74261
      -4         2.92216      0.00198106         2.80165
      -3         2.98025       0.0020199         2.85657
      -2         3.02407      0.00204384         2.89043
      -1         3.05362      0.00206397         2.91889
       0         3.05831      0.00207064         2.92833
       1         3.06548      0.00206308         2.91764
       2         3.03374      0.00204601         2.89349
       3         2.97608      0.00201497          2.8496
       4         2.91959      0.00197793         2.79722
       5         2.84674      0.00192943         2.72863
       6          2.7581      0.00187723         2.65481
       7         2.63801      0.00179786         2.54256
       8          2.5445      0.00173733         2.45696
       9         2.42987      0.00166447         2.35392
      10         2.30611      0.00158258         2.23811
      11         2.20375      0.00151864         2.14769
      12         2.08849      0.00143857         2.03444
      13         1.97858      0.00136875         1.93571
      14         1.87228       0.0012949         1.83127
      15         1.76881      0.00122462         1.73187
      16         1.67182      0.00116104         1.64196
      17         1.57706      0.00109849          1.5535
      18         1.48711      0.00103952         1.47011
      19         1.40696     0.000982881            1.39
      20         1.32637     0.000927994         1.31238
      21         1.25591     0.000879551         1.24387
      22          1.1863     0.000832142         1.17683
      23         1.12241     0.000787601         1.11384
