100
24
0.25
contact
1

-0.810835
0.799517
-0.0919419
0.431922
-0.87714
-0.587098
1.89344
0.662106
-1.2154
-0.185825
0.0924482
-0.159905
-0.723792
-0.824507
0.936688
-0.992552
0.126036
-1.02016
1.08756
-3.13278
-1.6448
-1.6525
-0.118524
-1.34386
1.32208
1.04619
1.19776
1.09276
-0.560875
1.10079
-0.0870974
0.379093
0.636217
-0.0564759
-0.470052
-0.241719
-1.73268
-0.278739
0.926904
-0.213972
1.03462
-0.793632
-0.627144
-0.909596
1.10985
-0.373117
1.35751
0.661223
0.60597
-0.22005
-0.252058
-0.856298
-0.549072
-0.574907
0.369516
-0.741207
-0.913119
-1.55107
-0.108524
1.16233
-1.25125
-0.048931
0.466681
-0.14914
-0.530926
-2.5676
0.429636
1.29426
-1.69002
0.829549
0.550532
0.484375
-1.97885
0.630486
-0.415557
0.359149
0.565806
0.692261
-0.366664
-0.390845
-2.0504
-0.751868
2.94676
1.46088
-0.364245
0.5048
-0.161494
0.125026
-0.991622
1.42249
-0.280324
0.371755
-0.828538
1.20557
-0.519132
-0.648946
-0.836055
0.909982

   batch        P accept         n0 mean            +/-     n0 std dev          E mean            +/-      E std dev          P mean            +/-      P std dev
   total        0.500184         2.91778     0.00197248        2.78951         19535.4        1.45424        2056.61       0.0266977       0.108867        153.961

    mode      occupation             +/-         std dev
     -24         1.09571     0.000769021         1.08756
     -23         1.15833     0.000811873         1.14816
     -22         1.22323     0.000856585         1.21139
     -21         1.28511     0.000897745          1.2696
     -20         1.35792     0.000947338         1.33974
     -19         1.42798     0.000995728         1.40817
     -18         1.51217      0.00105245         1.48839
     -17         1.59717      0.00111066         1.57071
     -16         1.68284      0.00116979         1.65434
     -15         1.77406      0.00123004         1.73954
     -14         1.86262      0.00129098         1.82572
     -13         1.96136       0.0013573         1.91952
     -12         2.06058      0.00142015         2.00839
     -11         2.15666      0.00148531         2.10055
     -10         2.27475      0.00156068         2.20714
      -9         2.36361      0.00161855         2.28897
      -8         2.46774      0.00168766         2.38671
      -7         2.55362      0.00174082         2.46189
      -6         2.63357      0.00179049         2.53214
      -5         2.71437        0.001849         2.61488
      -4         2.77155      0.00187958         2.65813
      -3         2.83124      0.00191523         2.70855
      -2          2.8753      0.00194481         2.75038
      -1         2.89246      0.00195692          2.7675
       0         2.91778      0.00197248         2.78951
       1         2.90493      0.00196549         2.77963
       2         2.87726      0.00195152         2.75986
       3         2.83965      0.00192083         2.71647
       4          2.7776      0.00188474         2.66542
       5         2.71866      0.00184527          2.6096
       6          2.6348      0.00179309         2.53581
       7         2.54684      0.00173625         2.45543
       8           2.452      0.00167546         2.36946
       9         2.36003      0.00161732         2.28724
      10         2.26838      0.00155698          2.2019
      11         2.16619      0.00148862         2.10522
      12         2.05931      0.00141982         2.00793
      13         1.95911       0.0013523         1.91244
      14         1.86497      0.00129262         1.82804
      15         1.77128      0.00122703         1.73528
      16         1.68224      0.00116958         1.65403
      17         1.59658       0.0011106         1.57063
      18         1.50866       0.0010527         1.48874
      19         1.43729      0.00100222         1.41735
      20         1.35797     0.000949702         1.34308
      21         1.28541     0.000898769         1.27105
      22         1.22077     0.000855243          1.2095
      23         1.15757     0.000811155         1.14715
      24         1.10072     0.000772014         1.09179
