100
25
0.25
contact
1

0.176318
0.240365
0.122045
1.37197
0.615581
-0.256526
0.0288201
-1.24175
-0.650738
0.587491
-1.63531
0.0516143
0.736956
1.64055
0.684643
0.12989
-0.134389
-0.0776757
0.818274
0.576026
-1.86138
-1.07482
-0.248624
-0.606127
1.20907
0.16034
-1.15243
-0.107687
-1.19178
0.915452
0.340151
-1.49413
-1.91554
0.563656
-0.111907
0.664294
1.01156
1.16036
-1.14817
0.20765
-0.125794
-0.47965
-0.745215
-1.10423
-2.33816
-1.26709
0.729555
-0.33195
0.0209657
0.0116771
-0.221062
-0.12919
-0.76688
0.767427
-0.789167
-0.426044
0.444159
-0.5746
0.578475
-0.739602
-0.872506
0.723397
1.85907
-0.444268
0.734192
0.744268
4.06009
-0.359809
1.39282
0.667747
0.421698
0.378597
0.526029
-1.04552
1.09486
-0.103044
0.369549
-1.45837
1.23266
-1.92599
-1.55352
0.658182
-0.922548
0.868551
-0.174701
0.659154
1.5317
0.269131
-0.0292785
-0.185618
-1.21065
2.06281
0.124835
0.476961
0.894958
-0.594324
-1.0108
-0.421449
-0.805201
0.216469
-0.611804
1.34434

   batch        P accept         n0 mean            +/-     n0 std dev          E mean            +/-      E std dev          P mean            +/-      P std dev
   total        0.500341         2.76004     0.00187106        2.64608         20991.2        1.55242        2195.46        0.547516       0.112033        158.438

    mode      occupation             +/-         std dev
     -25         1.07689     0.000754733         1.06735
     -24          1.1334     0.000794319         1.12334
     -23          1.1907     0.000834694         1.18044
     -22         1.25009     0.000874584         1.23685
     -21         1.31301     0.000916222         1.29573
     -20         1.38243     0.000965165         1.36495
     -19         1.45717      0.00101409         1.43414
     -18          1.5266      0.00106258         1.50271
     -17         1.60531      0.00111669         1.57924
     -16         1.68093      0.00116644         1.64959
     -15          1.7608      0.00122088         1.72659
     -14         1.85018      0.00127936         1.80929
     -13         1.94311      0.00134182         1.89762
     -12         2.02922      0.00139536         1.97333
     -11         2.11915      0.00145577         2.05877
     -10         2.20606      0.00150994         2.13538
      -9         2.28912      0.00156843          2.2181
      -8          2.3765      0.00162383         2.29645
      -7         2.46383      0.00168052         2.37661
      -6         2.52459      0.00172096         2.43381
      -5         2.59303      0.00175952         2.48834
      -4         2.64257      0.00179291         2.53556
      -3         2.69936      0.00182905         2.58666
      -2         2.73184      0.00185511         2.62352
      -1         2.73764       0.0018574         2.62676
       0         2.76004      0.00187106         2.64608
       1         2.75342      0.00186093         2.63176
       2         2.73371        0.001851         2.61771
       3         2.69921      0.00183035         2.58851
       4          2.6519      0.00179803          2.5428
       5         2.59306      0.00176316         2.49348
       6         2.53076      0.00172358         2.43751
       7         2.46563      0.00167983         2.37564
       8         2.38408      0.00163109          2.3067
       9         2.30375      0.00157542         2.22798
      10         2.20214      0.00150923         2.13437
      11         2.12503      0.00145893         2.06324
      12         2.02865       0.0013983         1.97749
      13         1.94047      0.00133964         1.89454
      14         1.85301      0.00128182         1.81277
      15         1.76791      0.00122145         1.72739
      16         1.68706      0.00116918         1.65347
      17         1.60504      0.00111474         1.57648
      18         1.53023      0.00106301         1.50332
      19         1.45275      0.00101068         1.42931
      20         1.38298     0.000964946         1.36464
      21         1.31638     0.000919778         1.30076
      22         1.24857     0.000873136          1.2348
      23         1.19037     0.000832644         1.17754
      24         1.13107     0.000793955         1.12282
      25         1.07925     0.000756953         1.07049
