100
4
0.25
contact
1

-0.719291
0.738601
1.44475
3.91162
3.86267
1.69451
-1.1689
-0.628668
-1.1884
-0.266922
-1.07365
-1.66238
-2.36114
5.37478
-4.33454
-1.79651
-0.340519
-0.0366022

   batch        P accept         n0 mean            +/-     n0 std dev          E mean            +/-      E std dev          P mean            +/-      P std dev
   total        0.499972         68.4759      0.0141195         19.968         2721.73      0.0571997        80.8926        -1.34528      0.0133969        18.9461

    mode      occupation             +/-         std dev
      -4         0.82321      0.00058884        0.832745
      -3         1.47815      0.00105371         1.49017
      -2         3.18107      0.00237738         3.36212
      -1         10.8376      0.00892946         12.6282
       0         68.4759       0.0141195          19.968
       1         9.89373      0.00725206          10.256
       2         3.05928      0.00220718         3.12142
       3         1.43494      0.00100734          1.4246
       4        0.816152      0.00058055        0.821022
