100
5
0.25
contact
1

-0.945332
-0.771029
-0.658196
-0.469792
1.62381
2.53827
0.0157025
-1.0674
-1.22987
-0.189921
0.37639
1.19681
-0.278611
0.325105
-2.51972
1.25268
-8.17743
-0.898213
2.26227
-0.124025
-1.87756
0.280923

   batch        P accept         n0 mean            +/-     n0 std dev          E mean            +/-      E std dev          P mean            +/-      P std dev
   total        0.499429         46.5881      0.0179124         25.332         2964.53       0.105109        148.647         1.50313      0.0279161        39.4793

    mode      occupation             +/-         std dev
      -5        0.978439     0.000705728         0.99805
      -4         1.49551      0.00108086         1.52857
      -3          2.5715      0.00190252         2.69056
      -2         5.35823      0.00403538         5.70689
      -1         15.6198        0.011661         16.4911
       0         46.5881       0.0179124          25.332
       1         16.8937       0.0124728         17.6392
       2         5.42718      0.00405544         5.73525
       3         2.57462      0.00186824         2.64208
       4         1.50823      0.00109241         1.54491
       5        0.984643     0.000710815         1.00524
