100
6
0.25
contact
1

-0.421897
-1.42075
2.38421
-1.51219
2.849
-0.684273
5.88037
2.18764
-4.07506
0.0769284
1.88218
-0.320398
0.108604
-0.519073
0.16014
0.9551
0.211259
0.0553738
2.73007
2.31711
1.07955
-1.85364
-1.44571
-0.91314
-0.0562629
0.0885694

   batch        P accept         n0 mean            +/-     n0 std dev          E mean            +/-      E std dev          P mean            +/-      P std dev
   total        0.499651         30.7887        0.01529        21.6234         3320.64       0.156773        221.711        0.541353      0.0352577         49.862

    mode      occupation             +/-         std dev
      -6         1.13306     0.000816342         1.15448
      -5         1.59864        0.001147          1.6221
      -4         2.40184      0.00174633         2.46968
      -3         3.99531      0.00289789         4.09823
      -2         7.74807      0.00551414         7.79818
      -1          17.521       0.0114862         16.2439
       0         30.7887         0.01529         21.6234
       1         17.8706       0.0116432          16.466
       2         7.75788      0.00563094         7.96336
       3         4.04358      0.00292583         4.13774
       4         2.41173      0.00174031         2.46117
       5         1.59813      0.00115107         1.62786
       6         1.13143     0.000809012         1.14412
