100
7
0.25
contact
1

0.0898917
0.860756
0.223999
-2.00153
0.682745
3.29484
0.346962
3.18988
-2.46082
1.8492
-2.14806
-0.0631301
-0.662754
-1.81206
-0.854082
1.16882
1.3259
-1.14386
0.615584
0.904532
-0.132695
3.47746
4.97826
-2.6288
1.28559
0.743596
-0.00627387
-0.845523
-1.11888
1.19377

   batch        P accept         n0 mean            +/-     n0 std dev          E mean            +/-      E std dev          P mean            +/-      P std dev
   total        0.499527         21.7259      0.0121144        17.1323         3761.54       0.209799          296.7      -0.0330624      0.0410052        57.9901

    mode      occupation             +/-         std dev
      -7         1.24374      0.00088838         1.25636
      -6         1.65041       0.0011801         1.66892
      -5         2.28598      0.00164521         2.32668
      -4          3.3396      0.00238912         3.37873
      -3          5.3242      0.00376958         5.33099
      -2         9.16527      0.00636441         9.00063
      -1         16.1765        0.010156         14.3627
       0         21.7259       0.0121144         17.1323
       1         16.0658       0.0100527         14.2167
       2         9.15235      0.00640812         9.06245
       3         5.33608      0.00381508         5.39534
       4         3.35399      0.00239988         3.39395
       5         2.27708      0.00162988           2.305
       6         1.65826      0.00118977         1.68259
       7         1.24483     0.000888379         1.25636
