100
8
0.25
contact
1

-0.257136
-0.619009
-0.48283
-0.0359133
-3.01022
2.0558
-2.0521
2.915
0.87217
-0.108757
1.69178
0.806999
-0.950367
-1.67025
1.8321
0.161361
1.04035
1.08608
0.14178
0.210021
-0.206101
1.50208
2.32897
-0.104136
-2.57636
-2.72177
-5.80633
0.336358
0.710974
0.0795334
-1.28051
-0.180966
-0.609365
-1.2129

   batch        P accept         n0 mean            +/-     n0 std dev          E mean            +/-      E std dev          P mean            +/-      P std dev
   total         0.49985         16.2468     0.00960575        13.5846         4269.59       0.263164         372.17       -0.213627      0.0460573        65.1348

    mode      occupation             +/-         std dev
      -8         1.31648     0.000938136         1.32672
      -7         1.66591      0.00118749         1.67936
      -6         2.19861      0.00156558         2.21406
      -5         2.97865      0.00211185         2.98661
      -4         4.20517      0.00297201         4.20305
      -3         6.27604      0.00437293         6.18426
      -2         9.45363       0.0063375         8.96258
      -1         13.8265      0.00860024         12.1626
       0         16.2468      0.00960575         13.5846
       1         13.7754      0.00855267         12.0953
       2         9.45135      0.00635156         8.98247
       3          6.2634      0.00436819         6.17755
       4         4.20738      0.00298087         4.21558
       5         2.96293       0.0021017         2.97225
       6         2.18521      0.00155785         2.20313
       7         1.66913      0.00118967         1.68245
       8         1.31744     0.000938467         1.32719
