100
9
0.25
contact
1

-1.70778
-0.219507
-0.259509
0.485987
-2.16919
-2.14789
-3.03738
1.43958
0.841743
-1.42132
-3.04025
-0.32556
-1.39645
0.775572
-1.05514
-0.536936
0.72822
0.347872
-0.245323
-0.239056
-0.154488
-0.741834
2.01201
-0.40702
0.240893
-0.801269
0.689141
1.84983
-1.07887
5.43075
-0.929676
-2.77505
2.25676
-1.77219
-0.66119
0.563725
1.3005
0.168215

   batch        P accept         n0 mean            +/-     n0 std dev          E mean            +/-      E std dev          P mean            +/-      P std dev
   total         0.50017         12.7833      0.0078654        11.1233         4828.44       0.317664        449.245       -0.380593      0.0510543        72.2017

    mode      occupation             +/-         std dev
      -9           1.357      0.00096422         1.36361
      -8         1.66361      0.00118135         1.67068
      -7         2.08784      0.00147647         2.08805
      -6         2.67199      0.00188815         2.67025
      -5         3.56144      0.00252016         3.56404
      -4          4.8115      0.00335753         4.74827
      -3         6.65235      0.00454358          6.4256
      -2         9.19655      0.00609268         8.61634
      -1         11.6662      0.00733752         10.3768
       0         12.7833       0.0078654         11.1233
       1         11.6771      0.00729469         10.3162
       2         9.13473      0.00604666         8.55126
       3         6.62417      0.00453092         6.40769
       4         4.78482      0.00335517         4.74493
       5         3.54046      0.00249452         3.52779
       6         2.68151       0.0018984         2.68474
       7         2.08828      0.00147857         2.09102
       8         1.66385      0.00118379         1.67413
       9         1.35325     0.000961773         1.36015
