100
11
-0.0138431
contact
1

-0.0971916
0.235921
0.237923
0.48699
0.465905
0.627237
0.431499
0.114526
-0.0841151
-1.43826
-2.45422
-3.6667
-3.90508
-3.23665
-2.42733
-1.80509
-0.891716
-0.311118
-0.323581
0.089354
-0.0113724
0.28194
0.184927
-0.0904222
0.0553495
-0.0469023
0.0897453
0.313777
0.698694
0.98398
1.90863
2.31539
3.14069
3.15004
2.66075
1.17408
-0.0369142
-0.501703
-0.963677
-0.816821
-0.448249
-0.473399
-0.32819
-0.285267
-0.0731202
-0.0136959

   batch        P accept         n0 mean            +/-     n0 std dev          E mean            +/-      E std dev          P mean            +/-      P std dev
   total        0.500496         18.5648     0.00462356         1.6739        -587.268      0.0217259         7.8656       -0.155193      0.0255083        9.23497
