100
12
-0.015015
contact
1

0.0583925
-0.16382
0.296652
-0.312228
0.427716
-0.642025
0.821032
-1.46857
1.50759
-1.45667
1.40008
-0.398025
-0.364192
1.30014
-1.69415
1.72419
-1.71958
1.27338
-1.03658
0.879949
-0.533991
0.325083
-0.433023
0.0735262
-0.0851046
0.126736
-0.105343
0.27701
0.0149785
0.146089
0.0767502
-0.242864
0.430289
-1.32397
2.25281
-2.89126
3.9006
-4.45448
3.38803
-2.97427
1.63338
-1.1061
0.395292
-0.218355
-0.216329
0.137274
-0.112372
0.15067
-0.138904
-0.00874078

   batch        P accept         n0 mean            +/-     n0 std dev          E mean            +/-      E std dev          P mean            +/-      P std dev
   total        0.500778         17.1317      0.0041249        1.49337        -693.299      0.0229519        8.30945        0.178065      0.0249462        9.03147
