100
13
-0.0158245
contact
1

0.104126
0.0399559
-0.223058
0.299478
-0.00708826
-0.293661
0.771817
-0.310698
-0.878477
1.96083
-0.84445
-1.7584
4.03014
-2.21058
-1.69344
3.19841
-1.64245
-0.304235
1.37535
-0.747302
-0.00258911
0.384808
-0.410498
-0.0687977
0.25446
-0.18365
0.0934248
0.0300297
-0.215102
0.170895
0.246834
-0.278666
0.400604
0.15991
-1.05007
0.75557
0.071694
-2.46585
2.70293
0.0833357
-3.66414
3.52078
-0.570831
-2.18646
1.79275
-0.295555
-0.71132
0.571536
-0.0580903
-0.220466
0.325073
-0.0315207
-0.201726
0.135548

   batch        P accept         n0 mean            +/-     n0 std dev          E mean            +/-      E std dev          P mean            +/-      P std dev
   total        0.501366         16.1777     0.00402847        1.45846        -772.442      0.0241364        8.73829        0.106247      0.0263636        9.54461
