100
10
-0.0128347
contact
1

0.240337
0.208608
0.245249
0.570068
0.601123
0.681942
0.814257
0.352241
-0.228767
-1.18174
-2.73235
-3.07497
-2.82764
-2.10788
-1.66959
-1.27487
-0.561308
-0.367403
-0.181609
0.0468794
-0.195305
-0.00606322
-0.0148303
-0.000770717
-0.106494
0.382058
0.978336
1.59723
2.16537
3.4504
4.0721
3.64683
2.77959
1.70154
0.353795
-0.141301
-0.583289
-0.768205
-0.483498
-0.15994
-0.206439
-0.122602

   batch        P accept         n0 mean            +/-     n0 std dev          E mean            +/-      E std dev          P mean            +/-      P std dev
   total        0.500969         20.0622     0.00541394        1.96005        -502.268      0.0207029        7.49523       -0.238834      0.0258691        9.36557
