100
12
0.5
contact

-0.611733
0.309586
-0.404959
-0.262838
-2.11562
0.672305
-0.777122
1.71299
-0.322215
1.86168
0.976203
-1.11596
-2.05512
1.18785
0.6692
-1.90879
-0.0847889
-1.24024
1.40967
0.0651514
0.185901
1.444
-0.374574
0.0983549
0.411307
-0.683586
-0.0841383
-0.829206
1.2627
-1.04101
-0.733806
0.933632
-0.530791
2.61987
-1.2807
-0.686162
-4.34098
-3.67432
2.55585
-0.204639
-0.207665
-2.27634
0.607122
0.781475
-1.58916
0.0625527
1.30814
-2.24831
0.65195
-0.104459

Final quantities:
8.29069
7.48884
9961.37