100
13
0.5
contact

-0.564341
2.65567
-0.245933
-0.0380169
1.06453
0.0970381
0.147742
0.79718
1.52464
1.53875
0.249642
-0.985296
-0.364747
-1.853
-0.687508
-3.05347
1.81954
-0.48491
-2.64742
1.84727
0.978675
-0.0622574
0.727446
0.118953
-0.0580626
0.985257
-0.517316
0.649651
1.10039
-1.36881
0.118937
-0.72169
0.118967
0.718945
-1.03145
1.84027
2.53634
-1.74167
-0.536807
-0.558655
3.71448
0.453961
-0.724655
-2.14196
1.2716
1.26529
3.04864
1.53656
-0.0467714
-0.470994
-0.749086
-0.480252
-0.507908
-0.782024

Final quantities:
7.31709
6.8101
10814.1