100
15
0.5
contact

-0.587309
-0.327927
1.88753
0.125405
2.43159
0.118374
0.00102235
0.416471
-0.275126
-2.33495
-0.0525243
-0.528847
-2.55767
-2.40356
-2.24502
2.7981
-0.318796
2.29497
-0.034104
-1.17398
0.903525
-2.44498
-1.12885
-2.76282
-0.0168073
0.338164
-0.250944
0.548346
-0.779683
0.176679
0.0929542
0.423531
0.922474
0.143083
1.30208
-0.547419
-0.362991
-0.302745
0.499682
-0.542907
-0.257323
-1.85034
-1.37941
-0.045389
-1.08476
-0.27983
1.90734
-0.0945597
-1.40359
1.66136
0.619282
2.43688
2.38811
1.0163
-0.615006
0.712121
0.536682
0.315158
1.3039
-0.528916
0.18114
-0.333149

Final quantities:
5.68543
5.36668
12724.2