100
17
0.5
contact

0.549891
-0.674282
1.58431
0.0123152
-0.758405
-1.36888
-1.58512
0.14637
-0.268036
0.277878
-1.25341
-0.480434
0.087588
3.07991
1.19884
2.13603
0.446051
1.17325
-1.69772
-2.8803
1.1714
0.410839
-1.95793
1.25152
-0.840041
-0.244618
1.52843
-1.25373
-1.43431
-0.542061
1.84424
1.14056
0.506467
0.923889
0.0034519
-0.877454
0.582123
0.166449
-0.229234
1.01164
-1.69249
-0.0268666
-2.22861
-0.363654
0.369913
-0.651196
1.03281
-1.34035
0.301618
-0.483961
2.75115
-1.92047
-0.478542
-1.03028
0.134459
-1.69243
0.908555
0.414782
-2.12634
0.288804
-0.909357
-1.14725
-0.0382354
-0.105155
-0.995415
-0.336805
0.74124
-0.90639
-0.989824
-1.09785

Final quantities:
4.66518
4.38473
14820.7