100
18
0.5
contact

0.237983
-1.50545
-0.159624
0.160286
0.241936
0.186768
0.831663
0.163895
0.0666922
-0.237787
-1.78296
2.25073
-0.786734
0.114579
-1.43738
-1.00004
-1.66751
0.614843
-1.51169
-0.879566
-2.29152
-2.90185
-0.880575
0.974294
0.903852
-0.786293
-0.136462
-0.871478
1.66915
-0.478274
0.649468
0.00461228
0.252263
-0.635063
0.229091
1.14971
0.242007
1.63131
-1.2301
0.266806
0.588436
1.47867
-1.28273
0.266346
1.71058
-1.42687
0.662821
1.25107
-0.650671
0.354539
-2.07887
0.115212
0.396187
1.5916
1.2027
1.89122
-0.653934
1.81644
0.228337
-2.07445
-1.65596
0.989113
-0.0615914
-1.08139
-0.897567
-0.0905437
-2.55015
1.7974
0.194935
-0.726316
0.522414
-0.0170437
-1.16568
1.36609

Final quantities:
4.32499
4.0989
15928.9