100
20
0.5
contact

0.332446
1.07136
-1.41321
-0.283356
-1.57085
0.635663
-0.15452
-0.15915
0.531636
1.0003
-0.183355
-0.315548
-0.650828
2.03775
1.1496
0.682735
-2.00856
-1.4197
-0.425239
-0.724882
0.380936
-0.400404
-1.53827
-0.224245
-0.0166851
1.45331
0.204715
1.11225
0.118243
0.290421
0.290581
1.03974
-2.52753
-0.391822
0.187167
-0.863609
-0.212469
0.890553
0.463741
0.30712
-0.441673
0.1482
1.5719
-0.807871
0.412225
1.08574
-2.19813
0.824652
0.371623
0.347464
-1.42567
0.571502
-0.279164
-1.0809
-1.42903
0.635415
1.26843
-1.58997
-0.356016
-0.182059
-0.630235
1.04171
0.788516
3.96761
1.20263
1.92191
-0.586171
-1.46911
-0.357044
0.781757
2.36527
0.733014
-0.574431
0.38394
2.59371
0.462727
-0.193052
0.516517
-0.523253
0.587915
-1.29661
-0.411492

Final quantities:
3.76187
3.59329
18363.4