100
21
0.5
contact

0.773254
0.384108
0.695969
-1.33099
1.11256
0.325813
-0.176017
0.60992
0.358688
-1.48237
-0.868162
-0.508378
-1.10712
-0.304383
-0.482076
0.518806
-0.95271
0.43206
-0.0879425
-1.85862
1.35979
1.3027
0.231046
2.11276
0.825909
-1.39289
1.19977
0.976928
3.25082
0.703793
-0.803248
-1.14633
1.50148
-0.20484
-0.349644
-1.97811
0.709466
0.00778296
-0.131504
-0.225093
1.26424
0.189245
-1.54418
0.717178
0.258472
-2.12778
0.665948
0.317346
-2.03886
1.07766
-0.697081
0.0765169
-1.6628
0.489504
0.629827
-0.475633
0.267731
1.11851
-1.66177
1.6501
-0.407337
0.641386
-1.30766
2.36424
0.853683
0.866561
0.044463
-0.251427
-0.657397
-2.44754
-0.596776
1.63902
-0.737112
-1.54475
0.464582
1.23811
0.296238
1.19149
-0.554297
-0.0603558
-0.727208
-0.630497
0.312859
-0.15076
-0.0324254
-0.429807

Final quantities:
3.46069
3.29814
19611