100
23
0.5
contact

0.68532
0.927894
0.429676
-0.254553
-0.657685
1.7172
0.208304
-2.16593
0.291834
0.0294102
-0.851125
-0.860238
0.242489
-0.189547
-2.19167
1.06125
2.98396
-1.5773
1.02292
2.02877
0.144892
-0.0667639
-0.0875446
-0.0560914
-0.96046
-1.219
0.647001
-1.38452
-0.201184
-2.36832
-0.0806931
0.411619
0.0461936
0.25965
0.312247
-0.573448
-2.48449
0.613243
-0.94926
0.583444
0.673535
-0.0707569
1.00344
-0.274634
1.32951
1.31483
-0.278837
1.42439
-0.429935
0.189639
-0.463442
0.389332
-0.419323
0.118836
-0.748615
1.07129
0.169973
-0.874723
-0.228271
-0.354989
0.810345
-0.163605
0.960303
0.857541
0.975997
-0.279705
-1.40989
1.53486
-0.551176
-0.931889
-1.6405
-1.43752
0.707832
0.179978
0.979446
-1.44921
-2.03133
-1.21259
1.87188
-0.737127
-1.47458
-1.76399
-0.1403
0.146188
1.19083
0.0715342
-0.393683
0.934727
-0.245117
-0.319384
0.432167
0.513995
1.15817
-0.25736

Final quantities:
3.0435
2.95017
22333.6