100
24
0.5
contact

-1.23455
-0.304477
-0.15602
-0.357216
0.966956
0.716166
-1.23322
0.197967
-0.844302
1.21075
0.515063
-0.854052
1.3001
0.539236
0.782934
-0.828123
-0.116958
0.234242
0.959685
0.996383
0.181335
0.0792655
0.948682
0.367007
0.177991
0.871525
0.282116
0.705197
0.740229
0.587495
-2.55529
-0.34024
1.07016
-0.392008
-1.62136
-0.150963
1.03743
0.253683
0.201016
-0.511014
-0.1773
-1.74008
-2.24616
0.614799
1.05819
-0.341784
0.32326
-0.755384
-0.738663
-0.945057
-0.875107
-0.0904722
-1.49005
-0.716515
-0.408273
-0.687145
-0.371006
0.0903175
1.75908
0.0879011
-0.103843
-1.03421
0.0965911
0.747853
-2.67025
0.0142613
-1.37875
2.09545
-0.71813
2.13855
0.202548
2.25719
-0.613443
-0.306223
-2.15908
0.318939
0.545969
-0.888898
-2.99333
1.52226
-0.853106
0.642897
-1.05313
-0.537373
0.825684
0.379377
-0.5075
-1.19094
-0.758301
1.0221
-0.619068
0.554089
0.229677
0.636684
0.717935
-0.957878
0.0341836
0.222192

Final quantities:
2.90341
2.76182
23776.2