100
25
0.5
contact

-0.72629
-1.03448
-0.473595
0.19508
-0.526336
-0.866742
-1.01839
0.246198
-0.359371
0.928849
1.95344
1.50099
-0.829211
0.531925
0.663641
0.918045
0.667803
-0.610162
0.893968
0.00219262
0.187238
1.83798
-1.3033
1.78589
-0.63213
-0.202683
1.36491
-0.566483
2.27783
-0.174599
-1.80598
-0.926559
-0.379093
-1.33872
-2.88731
0.820014
-0.261127
-1.35325
0.454954
0.101673
0.414558
0.313764
-0.607672
0.805454
0.275309
0.465529
-0.28668
-0.646493
0.792217
-0.0504703
1.3259
0.566626
-0.187699
0.44663
-0.93694
1.33797
-0.541707
-0.190711
0.751132
-0.779618
1.72741
0.937406
-0.013814
-1.42372
-1.33714
1.05394
1.19018
-0.6375
-0.0392016
0.112561
-0.23746
1.50328
2.1888
0.0381583
-0.122791
-1.43516
1.99129
0.0387874
0.295474
-0.39484
-0.440623
-0.266495
-0.527181
-0.23991
-0.975026
1.21503
-0.568938
0.494008
1.80429
1.73042
-0.874861
-0.983455
-1.21111
0.778969
1.72794
-0.100493
0.193754
0.780012
-0.646827
0.401471
0.334227
0.746569

Final quantities:
2.79825
2.69406
25294.2