0.991736
0.989203
0.988197
0.989012
0.989400
0.989193
0.989376
0.989552
0.989744
0.990563
0.990855
0.990168
0.989786
0.989573
0.990172
0.991548
0.992452
0.992070
0.991127
0.991027
0.991410
0.991923
0.992181
0.991270
0.990085
0.990293
0.990686
0.990683
0.991114
0.991166
0.988604
0.984010
0.969517
0.945536
0.928205
0.910904
0.857796
0.729350
0.554978
0.406489
0.305147
0.237003
0.184969
0.139217
0.098424
0.065510
0.042813
0.030820
0.027334
0.027558
0.027971
0.027559
0.027326
0.030785
0.042743
0.065392
0.098229
0.138924
0.184607
0.236632
0.304748
0.405876
0.553972
0.728206
0.856982
0.910997
0.929900
0.948307
0.971940
0.985244
0.988924
0.990909
0.990529
0.990629
0.991612
0.991541
0.990505
0.991110
0.992817
0.993747
0.993439
0.992369
0.992377
0.993571
0.993317
0.991047
0.988587
0.987773
0.989020
0.990843
0.991309
0.989843
0.988201
0.987832
0.988019
0.988592
0.989706
0.989833
0.989060
0.989788
0.991942
