0.999127
0.998961
0.998823
0.998673
0.998594
0.998672
0.998879
0.999187
0.999683
1.000429
1.001254
1.001794
1.001796
1.001371
1.000897
1.000689
1.000812
1.001082
1.001150
1.000570
0.998289
0.991178
0.973975
0.943234
0.900836
0.852224
0.802384
0.753712
0.706019
0.657482
0.605794
0.549306
0.487934
0.423439
0.358874
0.297495
0.241807
0.193177
0.151967
0.117899
0.090429
0.069024
0.053329
0.043138
0.038017
0.036797
0.037798
0.039584
0.041278
0.042431
0.042840
0.042450
0.041314
0.039631
0.037844
0.036822
0.037992
0.043039
0.053149
0.068766
0.090094
0.117487
0.151477
0.192613
0.241180
0.296834
0.358222
0.422849
0.487455
0.548977
0.605640
0.657515
0.706233
0.754072
0.802832
0.852685
0.901248
0.943564
0.974214
0.991306
0.998268
1.000368
1.000743
1.000427
0.999860
0.999447
0.999499
1.000078
1.000892
1.001468
1.001546
1.001258
1.000894
1.000587
1.000278
0.999951
0.999741
0.999730
0.999767
0.999649
0.999383
