1.004642
1.002818
1.002635
1.004499
1.005406
1.004110
1.001917
1.000765
1.001232
1.004798
1.008485
1.007281
1.004292
1.004227
1.006423
1.008419
1.008059
1.005388
1.003560
1.003591
1.003869
1.002874
1.000861
0.999800
0.999913
0.999487
0.998362
0.998526
1.000078
1.001932
1.003278
1.003045
1.001580
0.999600
0.996245
0.991319
0.984397
0.967525
0.925849
0.845852
0.731222
0.607478
0.495355
0.398339
0.313294
0.240360
0.183267
0.145069
0.124624
0.116376
0.114375
0.116274
0.124482
0.144945
0.183133
0.240126
0.312923
0.397940
0.495013
0.607001
0.730544
0.845278
0.925307
0.966617
0.983125
0.990224
0.995952
1.000471
1.002346
1.001711
1.000867
0.999706
0.998557
0.998885
0.999703
1.000666
1.001364
1.001340
1.001643
1.002966
1.004637
1.004636
1.004216
1.005507
1.006813
1.006422
1.004871
1.003371
1.003639
1.006836
1.008745
1.005897
1.001516
0.998956
0.999982
1.003333
1.005453
1.005197
1.003515
1.002961
1.004403
