1.036248
1.036759
1.037378
1.037764
1.037621
1.036902
1.035816
1.034628
1.033560
1.032859
1.032817
1.033556
1.034870
1.036389
1.037889
1.039360
1.040808
1.042090
1.042997
1.043436
1.043497
1.043351
1.043060
1.042419
1.040888
1.037630
1.031628
1.021818
1.007202
0.986827
0.959683
0.924750
0.881328
0.829409
0.769794
0.703935
0.633718
0.561330
0.489213
0.419993
0.356359
0.300892
0.255864
0.222884
0.202275
0.192521
0.190531
0.192774
0.196311
0.199167
0.200258
0.199242
0.196448
0.192948
0.190705
0.192647
0.202307
0.222790
0.255627
0.300504
0.355820
0.419320
0.488437
0.560488
0.632842
0.703071
0.769036
0.828926
0.881331
0.925378
0.960840
0.988140
1.008210
1.022264
1.031539
1.037172
1.040233
1.041768
1.042666
1.043428
1.044064
1.044271
1.043763
1.042488
1.040643
1.038558
1.036582
1.034985
1.033916
1.033420
1.033470
1.033947
1.034657
1.035435
1.036201
1.036864
1.037238
1.037169
1.036744
1.036275
1.036068
