2.364135906148648*^-11
4.771740149332979*^-9
9.299575758058351*^-8
6.826690064470333*^-7
2.9514097285779182*^-6
9.191791302033813*^-6
0.000022938923086192566
0.00004883885537936962
0.00009231605532196577
0.0001591324173259279
0.0002549265349272869
0.0003847999800267908
0.0005529908958426044
0.0007626517976130576
0.0010157310521552308
0.0013129463826310984
0.001653832954588227
0.0020368467621375273
0.002459504805886866
0.0029185458305387058
0.003410098351485867
0.0039298457939710854
0.00447318145812507
0.005035348530081388
0.005611562413881031
0.006197114260544495
0.00678745575860282
0.007378266082842824
0.007965502439265937
0.008545435956463366
0.009114674812555786
0.009670176500052034
0.010209251057302467
0.010729556965379576
0.011229091246711894
0.011706175124070108
0.012159436417996208
0.012587789686034252
0.012990414943623498
0.013366735657499644
0.013716396569437345
0.01403924179153639
0.014335293513578894
0.014604731577303147
0.014847874100506349
0.015065159274318235
0.015257128408305561
0.015424410258905107
0.015567706645675057
0.0156877793357888
0.015785438158974027
0.01586153030172339
0.01591693072021777
0.01595253360528066
0.015969244829146335
0.015967975302379145
0.015949635169433783
0.015915128772731768
0.01586535031744182
0.01580118017211549
0.01572348174374347
0.01563309886951047
0.015530853671366987
0.015417544823446249
0.015293946186216609
0.015160805765029308
0.015018844954362863
0.01486875803252252
0.014711211874837546
0.014546845856458893
0.014376271918739896
0.014200074775826663
0.01401881224053979
0.013833015650883863
0.013643190380569575
0.013449816418824978
0.013253349006467132
0.013054219316756778
0.012852835170951536
0.012649581779736218
0.012444822502828407
0.012238899620083373
0.01203213510831788
0.011824831418884112
0.011617272251747541
0.01140972332245149
0.011202433118928984
0.010995633645612943
0.010789541152740004
0.010584356849134122
0.010380267597087241
0.010177446588262867
0.009976053999798697
0.009776237630014504
0.009578133513324065
0.009381866514122516
0.00918755089955704
0.008995290891222226
0.008805181195918544
0.008617307515703812
0.008431747037544117