3.9064557233071035*^-8
3.2460239383097567*^-7
1.457666324927*^-6
4.698458147437849*^-6
0.000012185469520607057
0.0000270341627520741
0.00005328060465194601
0.00009567884895806567
0.00015939222450551166
0.00024963265849227905
0.0003713009555835749
0.000528670072995703
0.0007251385233940698
0.0009630663208525128
0.0012436938001393974
0.0015671351309672877
0.0019324333603253426
0.0023376617558686108
0.002780056307982484
0.0032561657140020776
0.0037620073777019595
0.004293220434132409
0.004845209232398483
0.005413272884225218
0.005992718318702784
0.006578955745649809
0.00716757653664713
0.007754414323157477
0.008335590635282502
0.008907546714780215
0.009467063281040822
0.010011270052007656
0.010537646759787161
0.011044017282156982
0.011528538359120549
0.011989684195191506
0.012426228075631781
0.012837221957020119
0.013221974834921216
0.01358003054742399
0.01391114554460848
0.014215267041079125
0.014492511871235533
0.014743146284077918
0.01496756684487613
0.015166282553621985
0.01533989824343145
0.015489099284589717
0.01561463759043031
0.015717318898505375
0.01579799128344892
0.01585753484559068
0.015896852510899888
0.015916861872490723
0.015918488001079454
0.015902657150914188
0.01587029128835672
0.015822303372110217
0.01575959331675163
0.01568304457449298
0.015593521273760295
0.015491865857081651
0.015378897164788845
0.015255408915062704
0.01512216853481423
0.01497991629973706
0.014829364745550024
0.014671198315944881
0.014506073216045951
0.01433461744326469
0.01415743097029154
0.013975086057609061
0.013788127675340713
0.013597074016475467
0.013402417085539443
0.013204623348632028
0.013004134432417496
0.01280136786117478
0.012596717822370469
0.012390555952443627
0.012183232135588168
0.011975075309298705
0.011766394271320594
0.01155747848342248
0.01134859886810021
0.011140008594932393
0.010931943853847591
0.010724624613039089
0.01051825535968104
0.010313025821966231
0.010109111671305819
0.009906675203810313
0.00970586600041314
0.00950682156520783
0.009309667941749932
0.00911452030723007
0.008921483544556226
0.00873065279249555
0.008542113974120445
0.008355944303882265
0.008172212773701601