100
12
0.5
contact

0.3353
0.44977
-1.15449
-0.326424
-0.931773
0.26491
1.82873
0.874458
1.63916
1.60705
-0.615694
0.463584
-0.513471
-2.76747
1.70006
2.93077
2.64823
-0.154229
-0.424653
1.19861
2.07999
1.74828
-1.80764
0.0273578
-0.14874
0.299547
1.49002
0.331533
1.66246
-0.809991
-1.36487
-1.87678
-1.42059
-0.538113
-3.84656
1.00565
-2.11121
-1.62572
0.810396
1.6649
-2.31916
-0.225325
-1.30446
0.0875667
-0.455162
-0.317631
0.498763
0.148885
-0.267547
0.973714

Final quantities:
8.30566
7.60435
9939.06