100
14
0.5
contact

0.496044
0.0152347
0.623255
0.556569
-0.253975
0.232973
-1.65473
1.09181
1.61867
-0.29471
-0.0910231
1.18881
2.51662
-2.36324
1.81404
-3.25613
-0.0229834
-1.00416
2.15167
0.182142
-0.735864
-1.1194
-0.261062
1.06076
-1.66913
-0.195208
-1.32956
-1.17264
0.748855
-1.14298
-1.13303
0.628271
0.180018
-0.835814
-0.337029
-1.2323
0.775424
-1.05338
1.63243
2.3175
-3.49682
0.442076
2.27656
2.30114
-0.318025
1.33381
-0.290446
0.613836
-0.718024
0.620628
-1.26419
0.433894
1.4561
-0.0996457
-0.752929
1.78725
0.892934
0.40793

Final quantities:
6.33255
5.87834
11757.7