100
20
0.5
contact

-0.566539
2.29565
0.153114
-0.950785
-0.0626856
-0.715915
0.0442657
-0.598263
-0.233355
2.11865
-0.952768
0.108414
0.208159
-1.51089
-0.196765
1.42325
0.942487
-1.32206
-0.813334
-0.344021
-0.891002
-1.40144
-1.07506
-2.77476
-0.986328
-1.13318
-1.10864
1.93276
-0.210853
-0.900542
-0.0360806
-0.0279701
0.860417
1.27444
0.403324
1.38416
-0.161611
-0.409225
0.0387064
-0.253561
-1.07061
-0.560125
1.06677
-0.154085
-0.0652096
-0.514495
0.771712
-1.1029
0.473998
0.271153
1.21215
-1.67651
0.668061
1.84007
-0.79555
0.339837
-1.77993
0.120007
1.11297
2.71232
-1.24949
-2.50446
-1.19343
-0.348344
-0.42602
-1.171
-0.642439
-0.269572
-0.492065
1.01758
-0.795883
1.29606
2.0075
1.62602
-0.293287
-1.01816
0.17094
2.01574
-1.29186
-0.120302
-0.785977
-0.322439

Final quantities:
3.76083
3.57874
18334.7