100
21
0.5
contact

0.817211
-0.416613
-0.568747
-1.33161
0.738211
-1.00862
0.872169
-1.58439
0.248581
-0.569035
1.02152
1.63946
-0.634459
-0.46677
1.20193
0.100206
-0.989044
-0.677786
0.160902
1.17789
1.12847
-1.63394
-0.458326
1.54319
-1.45858
-0.355341
-0.0891403
-0.00707557
1.54684
0.091047
0.505719
0.0121856
-2.13719
1.4078
-1.09693
-1.66616
-0.758612
0.605349
0.943803
-0.163219
-0.0150316
0.706658
-0.0876292
0.397873
1.18856
-0.327454
-0.948782
0.384485
0.970663
0.225612
0.457676
-1.02049
1.27171
0.926195
-0.360618
-1.26031
-0.0946729
1.17454
1.61337
1.11104
-1.41265
1.54668
-0.686083
-2.94266
2.54379
2.75682
-1.27484
-0.164162
-0.659387
1.13731
1.46099
-0.521063
-1.49661
0.964838
-0.291018
0.135312
0.806815
-0.470127
-1.52433
-0.454483
1.64701
0.502689
-0.713951
-0.507374
-0.811552
-0.0736179

Final quantities:
3.49419
3.34377
19608.9