100
23
0.5
contact

-0.622704
-0.290604
0.26057
-0.308998
-0.58839
-0.08733
0.599663
-0.944246
-0.435398
-1.98366
-0.164563
-1.90324
1.78451
-0.0458414
2.56493
-2.05772
-1.43498
0.72676
0.351254
0.530707
1.44495
-0.578588
-0.303122
-1.32143
-1.574
0.649503
0.606995
-0.336667
-0.47866
0.228257
1.76697
0.40464
1.28732
0.0971872
1.88372
1.45405
0.0842706
-2.55465
-0.400935
-0.417766
1.09797
0.147493
-0.839673
1.38698
0.670224
-0.677949
0.647705
-0.328277
1.03748
0.778997
-0.0419371
0.251788
1.01251
-1.40244
-0.829872
-0.0446341
-1.99502
0.228637
-1.15944
0.358436
-0.155278
-0.378318
-0.194826
1.60551
-1.10479
-0.191079
0.814164
-2.00683
0.204277
2.25273
0.606453
-0.118455
0.0295635
0.0950142
-0.954776
-1.39762
0.0395581
-0.293217
1.92516
-0.582701
-0.77586
-1.26795
-1.03386
0.0784859
-0.74082
-0.270358
0.489907
-0.0620979
1.29536
1.20969
-0.887241
1.04788
-0.632836
-0.737627

Final quantities:
3.07339
2.94674
22331.1