100
24
0.5
contact

0.0850123
-1.61261
0.505611
1.20306
0.253529
-0.932084
-0.945216
-0.0151069
0.837666
1.0061
-0.151875
0.0727172
-1.03238
-0.849327
-0.6487
-0.328373
1.49169
-1.09975
0.623459
0.0840049
-0.287312
1.92321
-1.07151
0.818477
1.50776
1.84674
-1.59602
0.696174
0.581512
0.0632869
1.7073
0.250202
0.455965
-0.128985
0.740354
0.840969
0.47317
-1.71627
-0.0649825
0.00401521
0.521011
-0.104022
-1.44333
0.245177
0.148806
1.33668
-1.05624
0.291232
1.5653
-0.847741
0.510992
0.243031
0.15666
1.1213
0.279165
1.4487
-0.512643
1.77192
0.0621253
0.601392
-0.534279
-0.426951
-2.28506
-0.689848
-1.39917
-1.3558
-0.286101
0.0608098
0.0456648
-0.856068
-1.69038
2.03121
-1.4857
0.797084
-1.34512
-2.42273
-1.08559
0.372968
-1.43289
-1.00027
0.157067
0.682634
-0.154792
-1.1009
-0.44692
-0.239978
3.03544
-0.0599964
-0.484051
-0.195108
0.628792
0.0788315
-0.570449
0.434006
1.56431
0.1958
0.0394969
0.0393603

Final quantities:
2.91232
2.79329
23777.5