100
25
0.5
contact

-0.0985812
-0.357449
0.298449
-0.472682
-0.0196999
0.010983
1.24542
0.343073
2.26284
-0.21343
-0.466738
-0.779854
-0.888701
0.650398
-0.459097
-0.058784
-0.308879
0.121369
1.40283
-0.711227
-1.20259
-2.75975
1.6849
1.24768
0.0797417
1.16139
-1.63102
-0.308872
1.30982
-1.68674
0.911702
0.293608
-0.298393
-0.51396
-0.736435
-0.629961
0.370087
1.26487
-0.491324
-1.51094
-0.193061
-0.97235
0.759704
0.190056
0.395796
-0.336095
-1.37231
-0.820737
-0.129132
0.51102
1.03685
0.875037
0.562562
0.515781
-1.11847
0.909968
-0.720202
-1.40125
-1.03058
0.0475149
0.587235
0.862226
0.808412
-0.735107
2.36191
-0.657898
1.35972
0.0199839
1.09093
-0.40089
-0.159843
1.62145
-0.118948
-1.35669
0.755952
-1.24226
-0.338403
-0.441043
2.59006
-1.42052
0.592323
1.04137
-1.01586
-1.50867
-0.360649
0.266221
-0.000573059
-1.06992
-0.761207
-0.250837
-0.0518411
-0.175696
-1.70416
-1.17966
-1.00976
1.23191
1.3409
-0.296511
1.65633
-0.183987
-0.0158342
1.05527

Final quantities:
2.76927
2.66521
25279.7