100
10
0.25
contact
1

-0.298319
0.64948
0.399025
0.317117
-0.821674
-0.272307
0.347477
-2.20639
-0.630712
-2.15335
-3.45995
1.0371
-0.604545
-0.935377
0.984378
-1.77555
0.345746
2.3103
-1.01162
-0.649938
0.43015
-0.91796
-0.634212
-0.956957
-1.84299
1.64616
2.82935
0.0866013
-3.31682
-2.88381
-0.191493
-1.67429
-0.542419
0.0260794
2.79145
-2.83435
-1.92156
-1.88136
0.470745
-0.908105
-0.342532
-0.0790821

   batch        P accept         n0 mean            +/-     n0 std dev          E mean            +/-      E std dev          P mean            +/-      P std dev
   total        0.499984         10.6381     0.00663433        9.38236         5432.88       0.376209         532.04      0.00648011      0.0555766        78.5971

    mode      occupation             +/-         std dev
     -10          1.3705     0.000973725         1.37705
      -9         1.63634      0.00115863         1.63855
      -8         1.99015      0.00140794         1.99113
      -7         2.45384      0.00172663         2.44182
      -6         3.10038      0.00218654         3.09223
      -5         3.94461        0.002756         3.89757
      -4         5.12862      0.00353917         5.00514
      -3         6.63339      0.00449367         6.35501
      -2         8.41902      0.00554656         7.84401
      -1         9.97333      0.00634305         8.97043
       0         10.6381      0.00663433         9.38236
       1         10.0615      0.00641201         9.06796
       2         8.41868      0.00551655         7.80158
       3         6.62223      0.00445909          6.3061
       4         5.10775      0.00353372         4.99743
       5         3.95279       0.0027639         3.90874
       6         3.09334      0.00217807         3.08026
       7         2.46019      0.00173641         2.45565
       8         1.97895      0.00140575         1.98802
       9         1.64776      0.00116285         1.64452
      10         1.36847     0.000968169          1.3692
