100
11
0.25
contact
1

0.440792
0.852456
0.579913
0.601683
-0.168115
-1.33447
-0.899742
-0.443735
1.25069
-0.763534
0.790059
-0.850703
-2.05758
-2.34002
1.17378
-0.808897
-0.259771
-0.260659
0.764785
0.0815024
0.849226
0.268859
-0.496536
0.176767
-1.50637
2.23551
-0.187011
-1.63083
1.07498
0.104656
0.339949
0.292595
-1.09644
5.9304
1.23765
3.82046
-0.355232
-1.59995
-0.336493
0.67744
0.538063
0.297008
-1.42823
-2.15764
-1.03546
1.81623

   batch        P accept         n0 mean            +/-     n0 std dev          E mean            +/-      E std dev          P mean            +/-      P std dev
   total         0.50016         9.14068     0.00582339        8.23551         6085.28       0.434798        614.897        0.159357      0.0599057        84.7194

    mode      occupation             +/-         std dev
     -11         1.37015     0.000972009         1.37463
     -10         1.60868      0.00113859         1.61022
      -9         1.90239      0.00134208         1.89799
      -8         2.27043      0.00160311         2.26714
      -7         2.75473      0.00193775         2.74039
      -6         3.39648      0.00237288         3.35576
      -5         4.19231      0.00291497         4.12238
      -4         5.21254      0.00356733         5.04497
      -3         6.38765      0.00428388         6.05833
      -2         7.64761      0.00502967         7.11303
      -1         8.64977      0.00554691         7.84451
       0         9.14068      0.00582339         8.23551
       1          8.6751      0.00556306         7.86735
       2         7.69111      0.00503491         7.12044
       3         6.37602      0.00427781         6.04973
       4         5.20603      0.00354802         5.01766
       5         4.20372      0.00291363         4.12049
       6         3.40894      0.00238645         3.37495
       7         2.75793      0.00193278         2.73337
       8         2.27709      0.00160267         2.26652
       9         1.89574       0.0013361         1.88953
      10         1.60513      0.00113372         1.60333
      11         1.36976     0.000969111         1.37053
