100
12
0.25
contact
1

-0.901931
0.527653
-0.738024
-0.711421
-0.568384
3.06817
0.304162
-1.18113
-2.06731
-1.54772
-1.446
0.282957
1.0336
2.12812
-0.157906
3.63928
0.330406
0.439376
-0.142582
-0.214365
1.58958
-0.501409
-1.2686
0.461721
-0.254043
1.37829
1.14433
0.667316
0.305507
-0.182233
1.57623
2.23417
0.20642
-0.0389886
-0.33124
1.76442
1.18449
-1.69867
0.0898519
4.8251
-1.62629
0.782595
1.12961
-0.730621
-0.316836
1.08969
-0.133262
-1.12796
-1.23839
-1.61612

   batch        P accept         n0 mean            +/-     n0 std dev          E mean            +/-      E std dev          P mean            +/-      P std dev
   total        0.500165          7.8064     0.00505825        7.15345         6796.86       0.497604        703.718        0.480863      0.0644467        91.1414

    mode      occupation             +/-         std dev
     -12         1.36307     0.000962619         1.36135
     -11         1.57301      0.00111441         1.57601
     -10         1.82748      0.00128924         1.82327
      -9         2.14315      0.00151231         2.13873
      -8         2.52213       0.0017712         2.50486
      -7         2.97917      0.00208614         2.95025
      -6         3.59277      0.00249628         3.53028
      -5         4.31214      0.00296068         4.18704
      -4         5.13837      0.00349517         4.94292
      -3         6.04721      0.00404401         5.71909
      -2          6.9144      0.00455209         6.43763
      -1         7.62814      0.00495889         7.01293
       0          7.8064      0.00505825         7.15345
       1         7.64367      0.00495168         7.00273
       2         6.91628      0.00455773         6.44561
       3         6.06231      0.00406444         5.74799
       4         5.16065      0.00350813         4.96125
       5         4.34276      0.00297882         4.21268
       6         3.59181       0.0024888         3.51969
       7         3.00982      0.00210214         2.97287
       8         2.52905      0.00177465         2.50974
       9         2.13405      0.00149753         2.11783
      10         1.82369       0.0012863         1.81911
      11         1.57189      0.00111067         1.57073
      12         1.36658      0.00096431         1.36374
