100
13
0.25
contact
1

-1.30891
0.0911522
-0.3202
1.14501
1.31531
0.697375
0.371354
2.87861
0.688914
-2.31704
-0.817408
2.10951
0.580189
0.350574
0.950615
-0.341628
0.704119
4.03183
-0.194319
0.404355
-0.546862
-0.65924
-0.494192
1.80145
0.123535
-0.325482
0.089142
1.07748
-1.14502
1.23691
0.875502
-0.825928
-1.60023
0.659825
0.583804
-0.310049
1.46317
1.5316
1.29514
-0.170263
-0.854034
-0.927105
-4.51441
-0.825491
-0.543683
-0.283829
-3.36636
-1.43422
0.381164
0.372907
-0.493191
-0.530431
-0.157127
-0.389503

   batch        P accept         n0 mean            +/-     n0 std dev          E mean            +/-      E std dev          P mean            +/-      P std dev
   total        0.500428         6.95083     0.00451798        6.38939         7552.18        0.56082        793.119       -0.122005      0.0687789         97.268

    mode      occupation             +/-         std dev
     -13         1.34738     0.000950549         1.34428
     -12         1.53369      0.00108278         1.53128
     -11         1.75308      0.00123687          1.7492
     -10         2.01482      0.00141855         2.00613
      -9         2.32157      0.00162914         2.30395
      -8         2.70932      0.00189215          2.6759
      -7         3.15788       0.0021978         3.10816
      -6          3.7014      0.00254995         3.60618
      -5         4.31004      0.00295288           4.176
      -4         4.97497      0.00336887          4.7643
      -3         5.67015      0.00378364         5.35087
      -2         6.29496      0.00415692         5.87877
      -1         6.75879      0.00441487         6.24357
       0         6.95083      0.00451798         6.38939
       1         6.70296      0.00439044         6.20901
       2          6.3161      0.00416247         5.88661
       3         5.67312      0.00378729         5.35603
       4         4.97558      0.00337588         4.77421
       5         4.31285      0.00294965         4.17144
       6         3.69102      0.00255031         3.60668
       7          3.1562      0.00219219         3.10023
       8         2.70745      0.00189339         2.67766
       9         2.32357      0.00162677         2.30059
      10         2.00824      0.00141099         1.99545
      11         1.75164      0.00123445         1.74577
      12         1.53211      0.00108195         1.53011
      13         1.35028     0.000953778         1.34885
