100
14
0.25
contact
1

1.1168
-2.34024
-0.216908
-1.59441
1.10642
-0.506738
-0.426984
-0.262767
-0.702537
0.216825
1.53634
0.572373
0.417923
1.79499
-3.68723
-1.44114
-3.53359
-0.00262285
-0.462397
0.0424849
-2.26819
-0.383529
-0.134065
0.118402
-0.312087
0.59776
-0.573513
-0.0837885
-0.501422
-0.37099
-0.614302
-0.172138
-0.144471
1.92192
-0.425939
0.02226
1.50867
-0.530154
-1.44824
2.39225
-0.909003
-1.16375
1.44474
-1.57921
-0.0334313
-0.453551
0.730162
0.0643025
-1.22691
3.79858
1.63839
-1.4442
0.550143
-0.375765
1.84702
-0.0538918
0.744738
0.383549

   batch        P accept         n0 mean            +/-     n0 std dev          E mean            +/-      E std dev          P mean            +/-      P std dev
   total         0.49994         6.15783     0.00402896         5.6978         8351.91       0.627979        888.097       -0.307211      0.0729029          103.1

    mode      occupation             +/-         std dev
     -14         1.32857     0.000937619         1.32599
     -13         1.49286      0.00105336         1.48968
     -12         1.68047       0.0011808         1.66991
     -11         1.90514      0.00133832         1.89268
     -10         2.16015      0.00151508         2.14265
      -9         2.47008      0.00172492         2.43941
      -8         2.82675      0.00197079         2.78712
      -7         3.22816      0.00223187         3.15634
      -6         3.71661      0.00256179         3.62291
      -5         4.22617      0.00287586         4.06707
      -4         4.79182      0.00324066         4.58299
      -3          5.2861       0.0035337         4.99741
      -2         5.76659      0.00381968         5.40184
      -1         6.07828      0.00399641         5.65178
       0         6.15783      0.00402896          5.6978
       1          6.0651      0.00398356         5.63361
       2         5.72515      0.00379243         5.36331
       3         5.29218      0.00352884         4.99053
       4         4.78873      0.00323317         4.57239
       5         4.22369      0.00287802         4.07014
       6         3.70655      0.00254305         3.59642
       7         3.24621      0.00224724         3.17808
       8         2.81961       0.0019631         2.77624
       9          2.4592      0.00171613         2.42697
      10         2.15892      0.00151033         2.13593
      11         1.90472      0.00133434         1.88705
      12         1.67846      0.00118054         1.66954
      13         1.48955      0.00104945         1.48415
      14         1.32631     0.000935461         1.32294
