100
15
0.25
contact
1

-0.915836
0.636344
-0.139567
0.0715665
-0.641143
0.603788
1.34354
-1.10785
-0.783711
-0.314377
2.23244
-3.5022
1.52749
-0.999937
-2.72054
-0.93471
-1.36289
2.76961
-0.946381
-0.207881
1.08904
-2.09402
1.86811
0.808304
-0.593021
0.612879
-0.185859
1.20432
-0.189147
1.04849
-1.40352
-0.577449
0.447673
-0.258311
-0.129626
0.51607
-0.290113
1.03857
-0.662897
-0.382843
3.35238
0.408446
-1.68622
-2.49875
-0.236993
0.813585
0.506513
0.676578
0.905802
0.703851
-0.680543
-0.622041
1.68256
-0.716154
-1.34044
-2.41542
0.598238
-0.23227
0.133786
1.17473
-0.56688
0.160474

   batch        P accept         n0 mean            +/-     n0 std dev          E mean            +/-      E std dev          P mean            +/-      P std dev
   total        0.500023         5.56797     0.00366983        5.18992          9214.5        0.69682        985.451      -0.0199293      0.0769801        108.866

    mode      occupation             +/-         std dev
     -15          1.3063     0.000920715         1.30209
     -14         1.45322      0.00102224         1.44566
     -13         1.61304      0.00113643         1.60715
     -12         1.81672      0.00127375         1.80136
     -11         2.02598      0.00141823         2.00568
     -10         2.27953      0.00159078         2.24971
      -9         2.57597      0.00179402         2.53713
      -8         2.89959       0.0020087         2.84074
      -7          3.2815       0.0022657         3.20418
      -6         3.67852      0.00251943         3.56302
      -5         4.10458      0.00278715         3.94162
      -4         4.52687      0.00305369         4.31857
      -3         4.90963      0.00328833          4.6504
      -2         5.24256      0.00347189            4.91
      -1         5.48456       0.0036202         5.11973
       0         5.56797      0.00366983         5.18992
       1          5.4748      0.00361217         5.10838
       2         5.26081      0.00349341         4.94042
       3         4.94878      0.00331191         4.68374
       4         4.53875      0.00305769         4.32423
       5         4.10189      0.00278763         3.94231
       6         3.67731      0.00252218          3.5669
       7          3.2738      0.00224926         3.18093
       8         2.89202      0.00200739         2.83888
       9          2.5784      0.00179423         2.53742
      10         2.27914      0.00159115         2.25022
      11         2.02496      0.00141811         2.00551
      12         1.81298      0.00127293          1.8002
      13         1.61329      0.00113447         1.60439
      14         1.44999      0.00102054         1.44326
      15         1.30654     0.000920817         1.30223
