100
16
0.25
contact
1

-0.177618
-0.661248
-0.359035
-1.2395
-0.0542101
-0.339805
-0.533104
0.249357
2.35833
1.2983
1.81766
0.705382
-0.670555
1.33466
3.21636
0.375978
0.0467847
-0.938907
-3.37565
0.494757
1.31422
1.98362
-1.24743
-0.92593
-0.193912
-0.395117
-1.94893
-0.961134
0.261586
-0.592511
-0.915265
-1.5622
-0.727607
0.197738
-0.60845
-0.909218
0.224709
0.856079
-1.46043
-2.56481
-0.491701
-0.504733
1.62113
0.703728
1.36494
1.93284
-1.54134
0.989888
-0.0434415
0.873461
-1.36444
0.793795
0.373809
-2.26523
2.06551
0.368634
0.720753
0.855484
-1.06731
0.760196
0.425975
-1.20604
0.190869
0.278937
1.64792
-0.473677

   batch        P accept         n0 mean            +/-     n0 std dev          E mean            +/-      E std dev          P mean            +/-      P std dev
   total        0.500097         5.08602     0.00335154        4.73979         10124.6       0.769651        1088.45       -0.144777      0.0808855        114.389

    mode      occupation             +/-         std dev
     -16           1.282     0.000903128         1.27722
     -15          1.4109     0.000993291         1.40472
     -14         1.56052      0.00109623         1.55031
     -13         1.72075       0.0012062         1.70583
     -12         1.91047      0.00133824         1.89255
     -11         2.12427      0.00148624         2.10186
     -10         2.36502      0.00164218          2.3224
      -9         2.62961      0.00181978         2.57356
      -8         2.92466      0.00201847         2.85455
      -7         3.25331      0.00223369         3.15891
      -6         3.60494      0.00245453         3.47122
      -5         3.95959      0.00268729          3.8004
      -4         4.28496      0.00288332         4.07763
      -3         4.59372      0.00308342         4.36061
      -2         4.85971      0.00323428         4.57397
      -1         4.99788      0.00332763         4.70598
       0         5.08602      0.00335154         4.73979
       1         5.01176      0.00332341         4.70001
       2         4.84125      0.00322858          4.5659
       3         4.59154      0.00307811          4.3531
       4         4.28778      0.00288884         4.08544
       5         3.92738      0.00266153         3.76397
       6         3.57638       0.0024376         3.44729
       7         3.24615      0.00223382         3.15909
       8         2.92634      0.00201932         2.85575
       9         2.63463      0.00182581         2.58208
      10         2.37041      0.00165196         2.33622
      11         2.12068      0.00147856           2.091
      12         1.91219      0.00134131          1.8969
      13         1.72248      0.00121082         1.71236
      14          1.5624      0.00109778         1.55249
      15         1.41568     0.000996999         1.40997
      16         1.28462     0.000903532         1.27779
