100
17
0.25
contact
1

-0.0501186
-0.178808
-1.68225
-0.0871513
-0.896907
-0.0748798
0.566735
0.00786118
0.529327
-1.94311
1.69955
-0.25906
-1.10467
1.38028
-0.652831
-0.446544
0.0122774
1.50198
-2.43285
0.570558
2.60215
-0.486883
1.36492
1.01308
-0.21917
0.0205378
1.24812
-0.674329
1.36367
0.172385
0.957332
0.212278
-0.739083
0.256001
-1.0249
-0.394372
0.0174345
-0.526364
-2.21624
0.0190937
2.04537
-0.125461
0.868689
-0.98855
-1.88694
-2.10325
-0.433021
0.183281
0.340853
-0.0549863
-2.48184
0.558991
1.48933
0.70174
1.52194
-1.43596
0.125809
1.67281
2.44384
-1.94996
-3.24415
0.321004
-0.853382
-0.988593
-1.02534
0.252478
-0.972741
-0.342664
0.00918749
-0.000323638

   batch        P accept         n0 mean            +/-     n0 std dev          E mean            +/-      E std dev          P mean            +/-      P std dev
   total        0.499559         4.64769     0.00308552        4.36358         11093.5         0.8462        1196.71       0.0149992      0.0846587        119.726

    mode      occupation             +/-         std dev
     -17         1.26214     0.000888199          1.2561
     -16          1.3745     0.000968187         1.36922
     -15         1.50406      0.00105523         1.49232
     -14         1.64917      0.00115563          1.6343
     -13         1.81182       0.0012659         1.79026
     -12         1.98693      0.00139029         1.96616
     -11         2.19273       0.0015286         2.16177
     -10           2.418      0.00167622         2.37053
      -9         2.65913       0.0018402         2.60243
      -8         2.92705      0.00201238         2.84593
      -7         3.20276      0.00219692         3.10692
      -6         3.50118      0.00238407         3.37158
      -5         3.76738      0.00255501         3.61333
      -4         4.06556      0.00273963         3.87442
      -3         4.28877      0.00287825         4.07046
      -2         4.45721      0.00297784          4.2113
      -1         4.59294      0.00305785         4.32446
       0         4.64769      0.00308552         4.36358
       1         4.60917      0.00306733         4.33785
       2         4.48199      0.00299309         4.23286
       3         4.29167      0.00287233         4.06208
       4         4.04449      0.00271923         3.84557
       5         3.78466      0.00256517          3.6277
       6         3.50546      0.00238694         3.37565
       7         3.19313      0.00218657         3.09228
       8         2.92502      0.00201397         2.84818
       9         2.65099      0.00183814         2.59953
      10         2.41887      0.00167888         2.37429
      11         2.18686      0.00152291         2.15371
      12         1.99511      0.00139298         1.96997
      13         1.81071      0.00126896         1.79458
      14         1.65014      0.00115519         1.63369
      15         1.50603      0.00105534         1.49248
      16         1.37608     0.000968265         1.36933
      17         1.26059     0.000888969         1.25719
