100
18
0.25
contact
1

-0.701413
0.0672293
1.01233
-0.748427
1.34879
-0.370326
-0.276656
-0.551593
0.208152
0.836389
0.127815
-0.109812
-1.35412
-1.21208
-0.0566534
-0.3122
2.61864
-0.631303
0.324282
0.676189
0.293699
0.813265
0.929286
-0.79206
-0.305475
-0.715977
-1.95435
-0.247156
-1.2261
1.12097
-0.0803539
-0.74347
1.13852
2.26433
-0.319128
-0.800363
-0.258043
0.572855
-0.414344
-0.0587763
-0.28616
0.836164
-0.68497
-0.726141
-0.771947
3.63804
-1.97385
0.984936
-0.927489
1.39466
1.28239
0.155992
0.233543
1.0222
-1.82494
1.09861
-3.45179
1.20288
0.937924
-0.341364
3.85835
1.02785
0.107328
0.436429
-1.01006
0.059724
-0.433608
1.15798
0.0830554
-0.405181
1.07836
0.513642
-0.74585
-0.111406

   batch        P accept         n0 mean            +/-     n0 std dev          E mean            +/-      E std dev          P mean            +/-      P std dev
   total        0.500335         4.30363     0.00287013        4.05898         12122.8       0.922785        1305.01        0.387319      0.0882027        124.737

    mode      occupation             +/-         std dev
     -18         1.23744     0.000870667         1.23131
     -17         1.34133     0.000941606         1.33163
     -16         1.45574        0.001022         1.44532
     -15          1.5846      0.00111056         1.57057
     -14         1.72171      0.00120376         1.70238
     -13         1.87556      0.00130796         1.84973
     -12         2.05244      0.00143147         2.02441
     -11         2.23948      0.00155539         2.19965
     -10         2.44601      0.00169305         2.39433
      -9          2.6586      0.00183892         2.60062
      -8         2.88501      0.00198565         2.80814
      -7         3.12148      0.00213322         3.01683
      -6         3.36244      0.00228885         3.23693
      -5         3.60632        0.002445         3.45775
      -4         3.82104      0.00257232          3.6378
      -3         4.02527      0.00270105         3.81987
      -2         4.13009      0.00276635         3.91221
      -1          4.2527      0.00283993         4.01626
       0         4.30363      0.00287013         4.05898
       1         4.25429      0.00284978         4.03019
       2         4.14078       0.0027731         3.92176
       3         4.01347      0.00269177         3.80673
       4         3.83383      0.00258821         3.66028
       5         3.61447      0.00244166         3.45303
       6         3.37559      0.00230214         3.25572
       7         3.12351      0.00214005         3.02649
       8         2.89138      0.00199124         2.81604
       9         2.66852      0.00184461         2.60867
      10         2.44455      0.00169309         2.39439
      11         2.24614      0.00155751         2.20265
      12         2.05632      0.00142948          2.0216
      13         1.88429      0.00131551         1.86041
      14         1.72377      0.00120711         1.70711
      15         1.57652      0.00110352         1.56062
      16         1.45809      0.00102262          1.4462
      17          1.3376     0.000940165         1.32959
      18         1.23599     0.000868552         1.22832
