100
19
0.25
contact
1

0.113833
0.922354
-0.748017
-1.13045
1.42386
-0.154808
0.223875
-2.43251
-0.11539
0.604905
1.33707
1.82021
-1.0855
0.634519
2.31297
1.14185
-0.0374271
-0.270838
-0.410547
1.17878
-2.12307
2.70543
-0.497734
0.769466
0.224023
-0.903207
-1.10627
-1.69663
1.24484
0.910512
0.615919
0.40241
0.413827
-0.00729089
-0.155356
0.728928
-0.735371
-1.02995
-1.52953
0.285746
-0.707046
0.533044
-0.198902
0.259377
-0.325182
-0.377061
1.62819
0.628794
-2.42889
-0.600939
0.129927
-1.36457
-0.810892
-0.456004
1.40258
0.476688
-0.329898
-1.68753
1.19318
2.00369
1.09214
-1.08346
1.99707
0.0451722
0.962018
0.539739
3.03829
1.09188
-0.211572
-1.25073
-1.01
-0.910817
0.607481
1.12955
0.625858
0.407648
-0.151512
-1.08021

   batch        P accept         n0 mean            +/-     n0 std dev          E mean            +/-      E std dev          P mean            +/-      P std dev
   total         0.50034         3.97699     0.00266163        3.76411         13202.2         1.0058        1422.41        0.278196      0.0919017        129.969

    mode      occupation             +/-         std dev
     -19         1.21381     0.000852766         1.20599
     -18         1.30764     0.000917516         1.29756
     -17         1.40879     0.000988432         1.39785
     -16         1.52146      0.00106742         1.50955
     -15         1.64133      0.00114594          1.6206
     -14          1.7804       0.0012408         1.75476
     -13         1.93161      0.00134325         1.89964
     -12         2.08561      0.00145162          2.0529
     -11         2.25248       0.0015615          2.2083
     -10         2.44295      0.00169058         2.39085
      -9         2.64145      0.00182072         2.57489
      -8           2.835      0.00194694         2.75339
      -7         3.03045      0.00207114         2.92904
      -6         3.25849      0.00221813          3.1369
      -5         3.42521      0.00232212         3.28397
      -4         3.62194       0.0024382         3.44813
      -3         3.76267      0.00252942         3.57714
      -2         3.88472      0.00260386         3.68241
      -1         3.94754      0.00264941         3.74684
       0         3.97699      0.00266163         3.76411
       1         3.93504      0.00263896         3.73205
       2         3.89463      0.00261439          3.6973
       3         3.77126      0.00253806         3.58935
       4         3.61307       0.0024423         3.45393
       5          3.4569       0.0023432         3.31378
       6         3.25172      0.00220663         3.12064
       7         3.04191      0.00207445         2.93372
       8         2.82833      0.00194171         2.74599
       9         2.63613      0.00181568         2.56775
      10         2.44159      0.00168695         2.38571
      11         2.26484      0.00157341         2.22514
      12         2.08403      0.00145069         2.05159
      13         1.92928      0.00134455         1.90147
      14         1.78172      0.00124385         1.75906
      15         1.64292      0.00114953         1.62569
      16         1.52397      0.00106744         1.50959
      17         1.41396     0.000991624         1.40237
      18         1.30484     0.000914544         1.29336
      19         1.21332     0.000853573         1.20713
