100
20
0.25
contact
1

-0.273665
-1.96095
-0.170668
-0.0224565
-0.614696
1.92646
0.751226
-1.31524
1.18693
0.735011
-0.277276
-0.659631
-2.13267
0.1606
-0.671202
0.552125
0.32886
-1.8902
0.709321
-0.711611
-0.133626
-1.95594
0.489114
0.0824147
0.395377
-1.32023
1.32911
-2.3607
0.910484
1.66305
0.56847
-0.294136
-0.33751
1.0629
-2.16039
-0.409067
-0.944858
0.710211
-0.0128544
0.242959
-1.09707
0.106461
0.15135
-0.816175
-0.0762631
1.443
-1.09428
0.119201
0.481115
1.99907
-0.270847
1.30745
-0.365994
0.551184
0.134375
0.31786
1.45499
2.26812
0.0934983
0.0229668
0.0511407
0.323973
1.04009
3.90391
-1.57193
0.35662
1.28132
-1.76043
1.84642
0.0199691
0.380734
0.382663
0.76832
-0.235656
-0.242247
0.829192
-0.261522
0.990909
-1.39232
-1.18374
0.0418663
-0.151367

   batch        P accept         n0 mean            +/-     n0 std dev          E mean            +/-      E std dev          P mean            +/-      P std dev
   total        0.500191          3.7021     0.00249001        3.52141         14350.5        1.09183        1544.08        0.346218      0.0953439        134.837

    mode      occupation             +/-         std dev
     -20         1.18777     0.000832902          1.1779
     -19         1.27492     0.000897099         1.26869
     -18         1.36774     0.000958947         1.35616
     -17         1.46817      0.00102846         1.45446
     -16         1.57685      0.00110182         1.55821
     -15         1.68926      0.00118061         1.66963
     -14          1.8231      0.00126938         1.79517
     -13         1.96011      0.00136386         1.92878
     -12         2.11396      0.00146419         2.07068
     -11         2.25803      0.00156052         2.20691
     -10         2.43252      0.00167822         2.37336
      -9         2.60924      0.00179462         2.53797
      -8         2.76584      0.00189053         2.67361
      -7         2.94787      0.00201787         2.85369
      -6         3.10657      0.00211026         2.98436
      -5         3.26859      0.00221246         3.12889
      -4         3.41082      0.00230318         3.25719
      -3          3.5373      0.00237957         3.36522
      -2         3.63764      0.00245074         3.46587
      -1          3.6934       0.0024775         3.50371
       0          3.7021      0.00249001         3.52141
       1         3.67648      0.00246924         3.49204
       2         3.62545      0.00244292         3.45481
       3         3.55024      0.00239467         3.38657
       4         3.42874      0.00231435         3.27298
       5         3.29125      0.00223106         3.15519
       6         3.11471      0.00211428         2.99005
       7         2.94688      0.00201412          2.8484
       8         2.77727      0.00190222         2.69014
       9         2.60259      0.00178785         2.52841
      10         2.41862      0.00166862         2.35978
      11         2.26155      0.00156521         2.21354
      12         2.10829      0.00146244          2.0682
      13         1.97056      0.00137061         1.93834
      14         1.82182      0.00127015         1.79626
      15         1.69573      0.00118356         1.67381
      16         1.57873      0.00110101         1.55706
      17         1.46621      0.00102597         1.45093
      18         1.37112     0.000961037         1.35911
      19         1.27372     0.000892185         1.26174
      20         1.18822     0.000834653         1.18038
