100
21
0.25
contact
1

-0.283739
1.03328
-1.94959
0.740911
1.1125
0.622474
0.308309
0.70754
1.38356
0.899231
1.67548
-0.95304
0.938673
1.01178
-1.10096
-1.95719
-0.200623
0.712143
0.417396
-0.830522
-1.19485
-1.63745
0.894818
2.80773
0.730296
0.657942
-0.335828
-1.14707
1.21847
-0.10093
-1.44496
-1.22959
-0.906359
-0.982122
-0.0158806
0.280152
-0.0322689
0.472015
-0.473522
1.82475
-0.312519
0.791079
-0.575979
0.331672
0.137208
0.0606573
-0.120998
-0.0251937
0.468168
-1.82349
-0.271392
0.636941
1.2239
0.738148
0.336771
0.613929
-1.6126
-0.691998
1.99982
-1.55419
-0.169278
1.13048
1.02258
1.07774
-2.38654
0.132837
2.25667
-1.02382
-1.06208
1.26617
-1.08815
-1.16726
-0.488573
-0.329274
-1.70186
-0.726289
1.53714
-0.577888
-0.367236
-0.567673
1.29189
-0.829261
1.184
-0.31832
1.18819
1.20954

   batch        P accept         n0 mean            +/-     n0 std dev          E mean            +/-      E std dev          P mean            +/-      P std dev
   total        0.499977         3.47317     0.00233243        3.29855           15555        1.18049        1669.46       -0.198916      0.0990668        140.102

    mode      occupation             +/-         std dev
     -21         1.16459     0.000819355         1.15874
     -20         1.24347     0.000874183         1.23628
     -19         1.32635     0.000929811         1.31495
     -18         1.41726     0.000992393         1.40346
     -17          1.5141      0.00105803         1.49628
     -16         1.61471      0.00112834         1.59571
     -15         1.73518      0.00121127         1.71299
     -14          1.8544      0.00128605         1.81875
     -13         1.97877      0.00137124         1.93923
     -12         2.11925      0.00146829         2.07648
     -11         2.25581      0.00155723         2.20226
     -10         2.40355      0.00165257         2.33709
      -9         2.55249      0.00175452         2.48126
      -8         2.70342       0.0018509         2.61756
      -7         2.84516      0.00194464         2.75014
      -6         2.99273      0.00203313         2.87528
      -5         3.11746       0.0021135         2.98894
      -4         3.23651      0.00219524         3.10454
      -3         3.34148      0.00225291          3.1861
      -2         3.41166      0.00229949         3.25197
      -1         3.44877      0.00231915         3.27977
       0         3.47317      0.00233243         3.29855
       1         3.43971      0.00230957         3.26623
       2         3.40351       0.0022917         3.24095
       3         3.33709      0.00225809         3.19342
       4         3.25123      0.00220047         3.11194
       5         3.12109      0.00211794         2.99522
       6         2.98536      0.00203095          2.8722
       7          2.8458      0.00194309         2.74795
       8         2.70237      0.00185078         2.61739
       9         2.54729      0.00174853          2.4728
      10         2.40811      0.00165784         2.34454
      11          2.2506      0.00155092         2.19333
      12          2.1117       0.0014611         2.06631
      13         1.97936      0.00137587         1.94577
      14         1.85444      0.00128718         1.82034
      15         1.72889      0.00120759         1.70779
      16         1.61804       0.0011308          1.5992
      17         1.51194      0.00105638         1.49395
      18         1.41714     0.000993444         1.40494
      19         1.32763     0.000931435         1.31725
      20         1.24449     0.000874181         1.23628
      21         1.16394      0.00081738         1.15595
