100
22
0.25
contact
1

-0.156597
0.616585
0.563472
1.84618
0.572314
0.237946
-0.47033
-0.533015
-0.885155
-0.544872
0.848143
1.24182
2.49474
-0.604546
-0.515513
1.09729
2.0693
0.0623483
1.28134
-1.04772
-1.00363
-0.360537
1.01725
0.673309
-1.38946
0.54095
-1.16876
0.0492138
0.362115
0.381404
0.875167
0.328459
-0.465159
-1.10055
-0.0646755
-1.37563
1.92927
0.365665
-0.131127
-1.5167
-0.394246
-0.0222734
0.00580203
-0.164837
-0.876285
-1.01851
-0.222064
0.654745
-0.986439
0.602442
0.513565
0.427987
-1.75088
0.250299
-0.264847
0.463469
-0.60641
-1.47308
-0.560711
0.086051
-1.00017
0.925267
-0.0111633
3.02575
1.84439
0.434341
0.876655
-0.97206
-2.49809
-1.95313
-1.5824
-0.88313
0.445818
-0.00145555
-2.0141
0.693281
-0.204249
0.473748
-1.31189
0.281942
1.06721
-2.52204
-0.731174
-0.918948
0.203058
0.438019
-1.75643
-0.62659
-0.344973
-0.0305157

   batch        P accept         n0 mean            +/-     n0 std dev          E mean            +/-      E std dev          P mean            +/-      P std dev
   total        0.499831         3.25651     0.00219947        3.11052           16823        1.26789        1793.07       -0.260618        0.10231        144.689

    mode      occupation             +/-         std dev
     -22         1.14159     0.000800496         1.13207
     -21         1.21394     0.000852102         1.20505
     -20         1.29246     0.000904596         1.27929
     -19         1.37265     0.000961316         1.35951
     -18         1.45908      0.00102031         1.44294
     -17         1.55003      0.00108137         1.52929
     -16         1.64902      0.00114794         1.62343
     -15         1.75357      0.00121817         1.72275
     -14         1.86692      0.00129622         1.83313
     -13         1.98181      0.00137191         1.94017
     -12         2.11202      0.00145724         2.06085
     -11         2.22886      0.00153802         2.17509
     -10         2.36471      0.00162814         2.30254
      -9         2.49143      0.00170722         2.41438
      -8          2.6225      0.00179455         2.53788
      -7          2.7456      0.00187194         2.64732
      -6         2.86726      0.00194705         2.75354
      -5         2.98261      0.00202539         2.86434
      -4         3.07164       0.0020835         2.94651
      -3         3.16017      0.00213605         3.02083
      -2         3.20738      0.00216322         3.05925
      -1         3.25227      0.00219665         3.10653
       0         3.25651      0.00219947         3.11052
       1         3.25189      0.00219804          3.1085
       2         3.21467      0.00217335         3.07358
       3         3.14692      0.00212944         3.01148
       4         3.07479      0.00208167         2.94392
       5         2.98562      0.00202557         2.86459
       6          2.8697      0.00194738         2.75401
       7         2.73319      0.00185885          2.6288
       8         2.61767      0.00178808         2.52872
       9         2.48971      0.00170793         2.41538
      10         2.35948      0.00161942         2.29021
      11         2.22185      0.00152858         2.16173
      12         2.10959      0.00145733         2.06097
      13         1.98003      0.00137035         1.93797
      14         1.86333      0.00129336         1.82909
      15          1.7555      0.00122132          1.7272
      16         1.65018       0.0011476         1.62295
      17         1.54906      0.00108104         1.52882
      18         1.45965       0.0010215         1.44461
      19         1.37116     0.000959599         1.35708
      20         1.29419     0.000906618         1.28215
      21         1.21609     0.000854651         1.20866
      22         1.14172     0.000799391         1.13051
