100
23
0.25
contact
1

0.749107
0.572045
-0.597529
-0.542145
-0.0963339
-0.492322
-0.10218
1.14008
0.670361
0.915064
-0.31702
-0.654561
-1.31563
0.512162
-0.305353
-1.3664
0.160789
2.17228
1.91799
-0.444858
0.82558
-2.05925
1.41171
-1.09066
1.91649
-0.21453
0.0244477
-0.687741
0.105864
-0.245506
1.45111
0.137729
-1.93187
-0.973996
0.951434
-0.112054
0.90879
-0.540235
0.563426
0.847736
-1.47561
-1.1798
1.40325
0.206239
0.40296
-0.412528
-0.634082
-0.615888
0.980892
0.11664
0.803802
-0.534533
-1.02564
-1.48459
1.111
0.0604117
1.1887
-0.186479
-0.784705
-1.47384
-1.67234
0.0799089
-2.12075
-1.55401
-2.15234
0.0933959
-1.70688
-1.7846
0.404995
0.266704
-0.575906
1.05753
-0.817807
-0.432434
0.48955
0.802834
0.708835
2.06693
-0.812473
-0.0300568
-0.414819
-0.0295762
0.313826
1.61355
-0.330892
2.48736
0.0492719
0.537027
0.295586
1.07454
1.03833
-0.918085
-0.936187
-0.335699

   batch        P accept         n0 mean            +/-     n0 std dev          E mean            +/-      E std dev          P mean            +/-      P std dev
   total        0.500206         3.07525     0.00207527        2.93487         18140.9        1.36164        1925.65       -0.214118       0.105601        149.342

    mode      occupation             +/-         std dev
     -23         1.12201     0.000787346         1.11348
     -22         1.18492     0.000830595         1.17464
     -21         1.25417     0.000879054         1.24317
     -20         1.32506     0.000927144         1.31118
     -19         1.40347     0.000980607         1.38679
     -18         1.49387      0.00104191         1.47348
     -17         1.57893      0.00109988         1.55546
     -16          1.6725      0.00116249         1.64401
     -15         1.76445      0.00122276         1.72925
     -14         1.87173      0.00129653         1.83357
     -13           1.978      0.00136828         1.93504
     -12         2.09161      0.00144726         2.04674
     -11         2.20087      0.00151759          2.1462
     -10         2.31252      0.00158757         2.24516
      -9         2.42336      0.00165936          2.3467
      -8         2.54137      0.00173702         2.45652
      -7          2.6533      0.00181321         2.56426
      -6         2.74657      0.00187072         2.64559
      -5         2.83564      0.00192673         2.72481
      -4         2.91633      0.00197484         2.79285
      -3         2.97647      0.00201023          2.8429
      -2         3.03953      0.00205626         2.90799
      -1         3.06335      0.00207109         2.92896
       0         3.07525      0.00207527         2.93487
       1         3.06429       0.0020691         2.92615
       2         3.03746      0.00205281         2.90312
       3         2.99107      0.00202284         2.86073
       4         2.92582      0.00198766         2.81098
       5         2.84624      0.00193376         2.73475
       6         2.75584      0.00187387         2.65005
       7         2.65735       0.0018123         2.56298
       8         2.54006      0.00173424         2.45259
       9         2.43305      0.00166993         2.36164
      10         2.30821      0.00158403         2.24016
      11         2.20583      0.00151862         2.14765
      12         2.08456      0.00143905         2.03512
      13         1.97729      0.00136906         1.93614
      14         1.86863      0.00129443         1.83059
      15          1.7657      0.00122741         1.73582
      16         1.66848      0.00116024         1.64083
      17          1.5735      0.00109697         1.55134
      18         1.48744      0.00103637         1.46565
      19         1.40114     0.000980535         1.38669
      20         1.32804     0.000929159         1.31403
      21         1.25272     0.000877196         1.24054
      22         1.18426     0.000830238         1.17413
      23         1.11775     0.000785223         1.11047
