100
24
0.25
contact
1

0.803922
0.35795
-1.14657
0.139337
0.284354
-0.95493
0.128286
-1.00523
-0.0298342
0.431996
-0.82351
-0.125005
0.440397
-0.182416
0.834615
0.473874
1.42057
0.0445336
2.77575
-1.89757
-0.113404
0.151479
-0.231085
-0.575053
-1.17314
-0.0349353
-0.0134338
-0.630025
-1.06784
-0.407403
0.329411
-1.69423
-0.733661
0.262766
-1.34229
-0.589835
1.59225
-0.724735
-0.739853
0.143992
0.91423
-0.384003
0.0459761
0.277152
0.40427
0.536499
0.214542
0.267009
0.435133
-1.59876
-0.297059
-0.602386
0.16377
-0.211217
0.5282
-2.14979
-0.0124379
-0.265072
0.461444
0.811062
-0.69994
-0.796359
0.117402
1.23369
0.144539
-0.877819
-0.889843
1.06669
-2.31695
1.47583
-3.30119
-1.16932
-0.771579
-1.21279
-0.124304
0.0951779
2.00446
-1.64432
0.611814
-0.929449
0.981354
1.11342
1.40683
-0.14318
1.14552
1.12634
-1.22361
-1.00118
2.38391
-0.182673
0.684215
0.886859
-1.45542
-0.817692
0.152433
-0.00346913
-1.3242
0.922141

   batch        P accept         n0 mean            +/-     n0 std dev          E mean            +/-      E std dev          P mean            +/-      P std dev
   total         0.49974         2.91132     0.00196654        2.78111           19534        1.45592        2058.98        0.157544       0.108621        153.613

    mode      occupation             +/-         std dev
     -24         1.09447     0.000768501         1.08682
     -23         1.15934     0.000812029         1.14838
     -22         1.21911     0.000853513         1.20705
     -21         1.28796     0.000901191         1.27448
     -20         1.35562     0.000948357         1.34118
     -19         1.43231     0.000999529         1.41355
     -18         1.51037      0.00105294         1.48909
     -17         1.59341         0.00111         1.56977
     -16         1.67818       0.0011645         1.64685
     -15         1.77547      0.00123308         1.74384
     -14         1.86805      0.00129444         1.83062
     -13         1.95946      0.00135612         1.91785
     -12         2.05896      0.00141938          2.0073
     -11         2.16463      0.00148731         2.10337
     -10         2.26898       0.0015566         2.20137
      -9         2.36073       0.0016166         2.28622
      -8         2.45946      0.00167696         2.37157
      -7         2.55389      0.00174312         2.46514
      -6         2.64528      0.00180277          2.5495
      -5         2.71228      0.00183664          2.5974
      -4         2.79628       0.0018961         2.68149
      -3         2.83251      0.00191885         2.71366
      -2         2.86809      0.00194385         2.74902
      -1          2.8987      0.00195654         2.76697
       0         2.91132      0.00196654         2.78111
       1         2.89783      0.00195765         2.76853
       2          2.8719      0.00194542         2.75124
       3          2.8369      0.00192476         2.72202
       4         2.77992      0.00188249         2.66224
       5         2.70792      0.00183991         2.60203
       6         2.62161      0.00178535         2.52487
       7          2.5511      0.00174145         2.46278
       8         2.45287      0.00167388         2.36722
       9         2.37202      0.00162335         2.29576
      10         2.26635      0.00155443          2.1983
      11          2.1663      0.00148889         2.10561
      12         2.05876      0.00141966          2.0077
      13         1.96241       0.0013532         1.91371
      14         1.87271      0.00129483         1.83117
      15         1.76896       0.0012264         1.73438
      16         1.68225      0.00116705         1.65046
      17         1.59437      0.00110786         1.56676
      18         1.50987      0.00105187         1.48757
      19         1.43174     0.000998621         1.41226
      20         1.36117     0.000952134         1.34652
      21         1.28935     0.000900704         1.27379
      22         1.22043     0.000853912         1.20761
      23          1.1576     0.000812534          1.1491
      24         1.10079     0.000771933         1.09168
