100
25
0.25
contact
1

-0.39515
-0.0058032
0.0200736
-0.256331
-0.681966
-0.560302
1.98202
0.105913
0.126363
0.604826
0.677134
-1.1585
0.605118
-1.05467
0.194281
0.668333
-1.10911
-1.05894
-1.42633
0.274621
-0.0817728
-2.17275
-0.413152
-0.266393
0.309806
0.995723
0.431797
0.854994
-0.390865
0.476061
-1.27199
-0.638886
0.373026
-0.974298
-0.114766
0.442857
-0.77428
-1.67481
0.295662
1.53197
-0.826823
0.270799
-0.933224
0.327777
-0.409512
-0.771442
0.153214
-1.29344
-0.10665
0.371632
0.798858
-0.966593
0.583579
1.92417
-1.04676
0.185293
-0.751962
0.327569
-0.528552
-1.03169
1.29395
0.475622
-0.677784
0.922598
0.64955
-0.399329
0.51581
-1.10513
1.18127
-1.31896
-0.474084
3.28254
-1.03049
0.0412762
1.53807
-0.620519
-1.44188
-0.284131
-1.988
-0.0999
-1.93456
-0.112418
-0.616616
-0.879361
-2.40422
-0.730086
-1.64742
1.23104
0.121494
1.78712
0.116242
1.85774
0.217973
-0.689262
0.209509
0.425016
-0.160368
-0.570864
-0.287088
-0.880865
-1.79623
0.413675

   batch        P accept         n0 mean            +/-     n0 std dev          E mean            +/-      E std dev          P mean            +/-      P std dev
   total        0.499762         2.75674     0.00186762        2.64121         20990.6        1.55676        2201.59        0.218097       0.111894        158.241

    mode      occupation             +/-         std dev
     -25         1.07919      0.00075777         1.07165
     -24         1.13153     0.000792602         1.12091
     -23         1.18965     0.000833539          1.1788
     -22          1.2535     0.000875919         1.23874
     -21         1.31332     0.000918116         1.29841
     -20         1.38115     0.000963662         1.36282
     -19         1.45238       0.0010137         1.43358
     -18         1.52777      0.00106197         1.50185
     -17         1.59995      0.00111164          1.5721
     -16         1.68394       0.0011677         1.65138
     -15         1.77044      0.00122479         1.73211
     -14         1.85512      0.00128264         1.81393
     -13          1.9444      0.00134115         1.89668
     -12         2.02787      0.00139699         1.97564
     -11         2.11644      0.00145235         2.05393
     -10         2.19677      0.00150767         2.13216
      -9         2.29541      0.00157211          2.2233
      -8         2.37945      0.00162247         2.29451
      -7         2.45959      0.00167469         2.36836
      -6         2.53439      0.00172918         2.44542
      -5         2.59072      0.00176161          2.4913
      -4          2.6466      0.00180017         2.54583
      -3         2.69887      0.00182942         2.58719
      -2         2.73118      0.00185061         2.61716
      -1          2.7508      0.00186174         2.63289
       0         2.75674      0.00186762         2.64121
       1         2.75479      0.00186738         2.64087
       2          2.7375      0.00185369         2.62152
       3         2.69106      0.00182394         2.57944
       4         2.64532      0.00179564         2.53941
       5         2.59422      0.00176221         2.49215
       6         2.53086      0.00172472         2.43913
       7         2.45399      0.00167284         2.36576
       8         2.37826      0.00162205         2.29392
       9         2.30309      0.00157547         2.22806
      10         2.21681      0.00152252         2.15317
      11         2.11682      0.00145528         2.05808
      12          2.0314      0.00139987         1.97972
      13         1.93971      0.00133683         1.89056
      14          1.8566       0.0012843         1.81627
      15         1.76843      0.00122364         1.73049
      16         1.68298      0.00116465         1.64706
      17         1.60336      0.00111399         1.57542
      18         1.52436      0.00106154         1.50125
      19         1.45139      0.00101124          1.4301
      20         1.38272     0.000964667         1.36425
      21         1.31508     0.000918299         1.29867
      22         1.25101     0.000876387          1.2394
      23         1.19138     0.000834609         1.18032
      24         1.13442     0.000794569         1.12369
      25         1.07725     0.000757414         1.07114
