100
4
0.25
contact
1

0.16194
0.574162
0.13204
0.492346
5.34697
2.32268
0.868395
-0.741677
-0.446076
1.04625
0.118515
1.15653
4.6171
-5.39559
2.18086
1.77324
1.75996
0.147817

   batch        P accept         n0 mean            +/-     n0 std dev          E mean            +/-      E std dev          P mean            +/-      P std dev
   total        0.500529         68.4263      0.0142758         20.189         2721.47      0.0576275        81.4976       -0.196094      0.0137682        19.4712

    mode      occupation             +/-         std dev
      -4        0.821135     0.000587796        0.831269
      -3         1.45877      0.00104756         1.48147
      -2         3.14065      0.00233597         3.30356
      -1         10.4348      0.00834918         11.8075
       0         68.4263       0.0142758          20.189
       1         10.3337      0.00819589         11.5907
       2         3.12145      0.00227787         3.22139
       3          1.4489      0.00103723         1.46687
       4        0.814389     0.000579021        0.818859
