100
5
0.25
contact
1

-0.56526
-0.913337
-0.520832
-0.354439
-0.411574
-1.1888
0.411225
-1.16724
0.48444
-0.701306
0.7984
0.20962
-0.347256
2.89592
0.8202
0.474312
8.5855
-1.588
-2.21233
-1.40854
0.687032
-0.969367

   batch        P accept         n0 mean            +/-     n0 std dev          E mean            +/-      E std dev          P mean            +/-      P std dev
   total        0.500364         45.9862      0.0177495        25.1016          2966.8       0.104944        148.414        0.250379      0.0282413        39.9392

    mode      occupation             +/-         std dev
      -5         0.98071     0.000707973         1.00123
      -4         1.50962      0.00108927         1.54046
      -3          2.5905        0.001901         2.68841
      -2          5.4772      0.00420518         5.94702
      -1         16.3655       0.0118838         16.8062
       0         45.9862       0.0177495         25.1016
       1         16.4948       0.0121502         17.1829
       2         5.48718      0.00412214         5.82959
       3         2.60266       0.0018898         2.67259
       4         1.52164      0.00109827         1.55319
       5        0.984009     0.000706746         0.99949
