100
6
0.25
contact
1

-0.175889
-0.664228
-0.0874896
-0.975789
1.30225
0.227257
8.09807
0.519639
-0.678422
0.216874
0.418754
-0.39731
-0.789551
-0.0626287
-1.70474
0.240375
-1.95464
-2.3251
1.64939
-0.608499
-0.150609
-2.70318
-0.725639
2.48945
0.267295
-0.312091

   batch        P accept         n0 mean            +/-     n0 std dev          E mean            +/-      E std dev          P mean            +/-      P std dev
   total        0.500097          30.772      0.0152338        21.5439         3321.12       0.156944        221.953       -0.438923      0.0357001        50.4876

    mode      occupation             +/-         std dev
      -6         1.13889     0.000817176         1.15566
      -5         1.60257       0.0011497         1.62593
      -4         2.41037      0.00174139         2.46269
      -3         3.97176      0.00288172         4.07536
      -2         7.80315      0.00566389         8.00995
      -1         17.8717       0.0117343         16.5948
       0          30.772       0.0152338         21.5439
       1         17.5428        0.011464         16.2126
       2         7.75764      0.00571479         8.08194
       3         3.99054      0.00289179         4.08961
       4         2.41422       0.0017448         2.46752
       5         1.59139      0.00114426         1.61823
       6         1.13308     0.000811893         1.14819
