100
7
0.25
contact
1

-0.835568
0.312378
-0.404883
-2.01503
-0.431543
-3.47568
4.42196
-3.71331
-4.96522
-2.3212
-2.67781
0.062276
1.64612
0.524225
-0.290901
-0.136506
0.747238
0.0180301
-1.13572
-0.374448
-1.0721
-0.751656
1.84344
-0.550149
-0.513122
0.917776
0.651385
-0.100711
-0.0540767
-0.346839

   batch        P accept         n0 mean            +/-     n0 std dev          E mean            +/-      E std dev          P mean            +/-      P std dev
   total        0.500063         21.3657      0.0119432        16.8902         3762.65       0.209583        296.395       -0.978305      0.0409617        57.9286

    mode      occupation             +/-         std dev
      -7         1.24462      0.00088483         1.25134
      -6         1.65363      0.00117913         1.66754
      -5         2.30257       0.0016531         2.33784
      -4         3.35385      0.00239947         3.39337
      -3         5.35299      0.00383792         5.42764
      -2         9.26282       0.0063855         9.03046
      -1         16.4558       0.0102051         14.4322
       0         21.3657       0.0119432         16.8902
       1         16.0543       0.0100322         14.1876
       2         9.13394      0.00632383         8.94324
       3         5.29365       0.0037731         5.33596
       4         3.35024      0.00240084         3.39531
       5         2.28018      0.00163248         2.30867
       6         1.65027      0.00117964         1.66827
       7          1.2454     0.000888472         1.25649
