100
8
0.25
contact
1

0.736709
-0.958127
0.298894
0.926665
-0.230644
-1.24087
-1.83432
4.89036
-0.678315
-0.406365
1.04873
-0.327591
1.073
-1.75675
-1.29846
0.304196
0.997239
0.508778
-0.832562
1.73043
-2.11251
-1.15835
0.324567
-1.71178
0.298902
-2.9
-5.33719
-1.78127
1.35753
1.08265
1.53537
0.593228
0.406837
-1.02026

   batch        P accept         n0 mean            +/-     n0 std dev          E mean            +/-      E std dev          P mean            +/-      P std dev
   total        0.500545         16.1546      0.0095325         13.481         4269.23       0.263535        372.695       -0.670032      0.0459557        64.9911

    mode      occupation             +/-         std dev
      -8         1.31346     0.000937563         1.32591
      -7         1.66921      0.00119394         1.68848
      -6         2.19006      0.00156136          2.2081
      -5         2.97263      0.00210986         2.98379
      -4         4.21211      0.00297855          4.2123
      -3         6.30597      0.00439464         6.21496
      -2         9.55637      0.00636798         9.00569
      -1         13.8573      0.00858487         12.1408
       0         16.1546       0.0095325          13.481
       1         13.7183      0.00852838         12.0609
       2          9.5084      0.00639737         9.04724
       3         6.21067      0.00433645         6.13267
       4         4.21079       0.0029795         4.21365
       5         2.95662      0.00209785         2.96681
       6         2.18888      0.00155578          2.2002
       7         1.66163      0.00118275         1.67266
       8         1.31301      0.00093487         1.32211
