100
9
0.25
contact
1

1.10187
1.14481
1.16169
1.61028
-1.65358
-0.341823
-1.74372
0.751202
-1.52838
-0.20394
4.12566
1.39784
-0.356782
-1.51457
0.118014
0.479415
-1.08475
-0.400182
-0.343884
0.124304
-0.582122
1.99211
-0.938671
0.944615
-1.18556
-0.0191029
-1.56457
3.7649
-1.41239
1.65983
5.08421
-0.569789
-1.12907
1.27238
-0.528156
1.27782
1.32093
0.0740796

   batch        P accept         n0 mean            +/-     n0 std dev          E mean            +/-      E std dev          P mean            +/-      P std dev
   total         0.50036         12.9117     0.00788723        11.1542         4825.49       0.318027        449.758      -0.0922662      0.0508578        71.9238

    mode      occupation             +/-         std dev
      -9         1.35268     0.000959536         1.35699
      -8         1.65852      0.00117902         1.66738
      -7         2.08121      0.00147309         2.08326
      -6         2.67648      0.00189355         2.67789
      -5         3.50947      0.00247156         3.49532
      -4         4.82882      0.00336394         4.75732
      -3         6.66105      0.00455855         6.44676
      -2          9.1181      0.00601271         8.50325
      -1         11.7142      0.00735362         10.3996
       0         12.9117      0.00788723         11.1542
       1         11.6082      0.00736578         10.4168
       2          9.1536      0.00605728         8.56628
       3         6.61446      0.00454561         6.42846
       4         4.79715      0.00335794         4.74884
       5         3.53647       0.0024832         3.51177
       6         2.67115      0.00189322         2.67742
       7          2.0882      0.00148312         2.09744
       8         1.66793      0.00118377          1.6741
       9         1.35067     0.000958554          1.3556
