100
13
0.005
contact

-0.0843469
2.33464
-0.452652
0.868478
0.747756
0.867482
-1.6445
0.17313
-1.07387
-2.57986
1.17999
0.895816
-1.14072
-1.51009
1.05358
0.192602
2.16254
-0.375336
1.05354
1.67768
-1.42373
-0.491314
0.61599
-1.13986
0.570138
-1.60347
-0.555967
-0.172454
0.205994
1.12331
1.38189
0.808062
0.558142
0.365688
-0.416968
-0.839334
0.956873
-3.36423
2.18432
1.94587
-1.64494
-0.153558
-3.12344
-3.17012
0.17903
-1.70582
-0.351271
1.12455
-0.970562
-1.51988
0.35492
-1.23321
-0.957997
-0.466309

Final quantities:
6.78258
6.1884
3750.05