100
14
0.005
contact

-0.50713
-0.606966
-0.0715113
1.14891
-0.565815
-1.90203
-1.92549
-0.375478
0.983827
-1.73047
-0.835952
2.17121
0.979709
-2.09258
-3.51707
0.918722
2.24049
2.29213
1.06681
0.628623
-0.264677
0.178713
-0.745706
-1.49322
-1.01315
-0.766064
2.03344
-0.109837
-1.54058
0.781573
1.44075
-0.215324
-1.6029
-0.709124
1.07117
-0.113269
-1.37647
0.493975
0.0254056
0.764358
-1.77991
-0.959412
1.0294
-3.12477
0.440558
2.12516
-1.08853
1.39624
-1.33088
0.596491
-0.1337
0.64825
1.31401
-0.764582
0.0349808
0.503428
1.35951
0.285022

Final quantities:
5.99409
5.54912
4462.74