100
18
0.005
contact

0.967015
-0.0523339
0.0836741
-0.718146
1.43044
0.0988116
-0.569318
-0.917688
1.51484
-0.779081
-1.40757
2.06691
0.316083
-0.308847
-1.80877
-0.0162655
-0.399864
-0.378096
-2.10414
-0.132008
-0.547772
-1.87265
0.977181
-0.460133
3.57019
0.215448
-1.79029
0.0233809
0.515104
-0.300322
-0.940942
-0.116836
-0.35614
0.857474
-0.136063
1.24822
-0.128756
0.662219
0.292611
-0.667338
-1.11465
0.413742
-1.54606
-1.70716
0.75758
-2.14411
1.19821
0.493584
-0.364956
-0.33101
1.26661
2.83582
-0.557235
-1.08172
-0.68064
1.72757
2.28448
-0.0361236
0.183098
-0.761816
-0.82154
0.822576
1.98631
-0.199857
2.24348
-1.3984
0.794218
-0.53254
-0.0463645
-0.51197
-0.410829
0.480229
-1.94297
-0.630267

Final quantities:
4.2537
4.02968
7891.39