100
19
0.005
contact

-0.207512
-0.640082
2.01415
-2.05083
1.33622
-0.0533478
-0.22061
-1.40299
-0.183413
-0.0168181
-1.65686
0.758709
0.832338
1.48745
0.315071
-1.35474
0.546609
-0.960565
-0.281865
-0.07872
0.168674
1.61712
-3.37622
1.06094
-0.187172
-0.534704
-1.72682
2.13659
-1.31744
-0.203953
-0.426762
-0.0933124
-0.0330548
-0.435748
-1.17868
0.743161
-0.512689
-0.179581
-1.00059
0.756545
0.825846
1.22646
0.175253
0.974434
0.323881
0.259388
-0.00664249
-0.268251
-0.414873
-0.157396
0.662507
-1.04086
-0.183701
-0.663812
-0.852421
-3.6968
0.413449
0.190633
-1.86408
-2.10055
-0.955625
-1.76746
-0.829018
0.210387
0.828695
0.734948
0.491291
-0.514253
-0.220511
-3.11071
-0.675986
-1.48557
0.125503
-1.26797
0.27767
0.139863
0.115893
0.506675

Final quantities:
3.92078
3.68674
8900.44