100
23
0.005
contact

0.654842
0.213526
-0.962332
-0.0556233
-0.136788
0.142629
-0.280658
0.569726
-1.91877
0.645869
1.28969
-0.0524028
-0.305354
-1.80755
1.05742
-0.904101
0.659438
-1.36288
1.12085
1.72767
-0.132309
-1.53843
-2.03076
1.35677
-0.601784
0.303065
-0.352948
0.67177
-2.57656
0.290543
0.413145
-0.347198
0.377772
-0.157651
-0.347143
-0.9953
0.795768
0.173106
-0.284684
1.73212
-0.279376
0.21745
0.967244
-0.687143
-0.399224
0.196294
0.480091
1.29792
0.341785
0.37826
-1.13421
-0.151908
0.527623
-0.760624
2.13299
-0.64245
-0.501941
1.82706
-0.723327
0.343526
1.23175
0.351844
-0.524924
0.288618
0.287957
1.57642
0.215371
-0.846035
3.23328
0.358822
0.710328
-0.25092
1.03643
-0.479934
0.366503
-1.00143
-2.11282
0.0366916
-1.46159
-0.420523
0.184897
-0.0817932
0.898926
2.35094
-1.16718
1.38307
-1.32727
-2.06451
0.7601
-0.419011
-0.521293
-0.0274327
1.018
0.662927

Final quantities:
3.02746
2.87566
13677.7