100
25
0.005
contact

-0.156437
-0.25073
0.865231
-0.0630396
-0.279795
-0.359872
0.36187
0.18909
-0.15074
-0.369411
0.15565
-0.507076
-1.38811
-0.895108
1.01373
0.0114886
-0.150285
-0.334632
1.78159
0.109607
0.176474
-0.273086
2.27427
-0.751602
-0.580738
2.14776
-0.155376
0.934461
0.355948
0.638835
0.386696
1.01808
-0.599565
0.390273
1.35853
-0.59923
-0.613967
2.74273
-0.139445
-0.398817
-1.49564
-0.887405
0.262043
-0.154159
-0.105617
-1.13444
-0.57231
0.321167
-0.324151
0.806394
0.826674
-0.125325
-1.77374
-2.28183
0.0850587
0.0837616
-0.174498
-0.557913
-0.292383
0.00265449
1.05078
0.569562
2.6788
-0.50068
0.362166
0.941011
0.707732
-0.969134
-0.0230215
1.49901
-0.946846
-1.02938
1.45699
0.0208066
-1.94601
-2.06311
-0.610309
-0.0309061
1.40791
-1.84452
0.570761
1.34464
0.191752
0.435629
-2.19995
-2.32
0.226797
-0.221461
0.850885
-0.109324
0.34835
0.564211
0.343329
-0.288018
-0.839541
0.413928
-1.05485
1.48743
-0.703855
-0.29148
-0.518656
1.19077

Final quantities:
2.76488
2.63043
16448.6