100
10
0.5
custom
1

0.999689
0.952174
0.871412
0.785515
0.703407
0.628329
0.56117
0.50178
0.449569
0.403788
0.36367
0.328489
0.297591
0.2704
0.246411
0.225194
0.206375
0.189637
0.174707
0.161352
0.149373

0.00796312
0.686973
-0.0387764
1.74351
0.75866
0.235732
0.140459
-3.75778
-0.882662
2.54549
-2.85575
1.72324
-1.24317
0.68472
-0.273635
0.109651
2.39021
0.416681
-0.426698
-3.00994
-1.07256
-1.48336
-0.39797
-0.244875
-0.51632
-3.54328
0.647825
-0.0110503
-0.391652
-0.107971
1.931
-3.03013
1.0187
2.67266
2.16175
0.516626
0.639756
-1.50029
0.345497
0.489708
0.264791
0.0745008

   batch        P accept         n0 mean            +/-     n0 std dev          E mean            +/-      E std dev          P mean            +/-      P std dev
   total        0.500174         9.97269     0.00640131        9.05282         8066.29       0.382418        540.821        0.187621      0.0553889        78.3318

    mode      occupation             +/-         std dev
     -10         1.50898       0.0010666          1.5084
      -9         1.78759      0.00126036         1.78242
      -8         2.17656      0.00153445         2.17004
      -7         2.65583      0.00186878         2.64285
      -6         3.29774       0.0023172         3.27701
      -5         4.14655      0.00289095         4.08842
      -4          5.2627      0.00362009         5.11958
      -3         6.66303      0.00448295         6.33984
      -2         8.06863      0.00534416         7.55778
      -1         9.38716      0.00607631          8.5932
       0         9.97269      0.00640131         9.05282
       1         9.48482      0.00611971         8.65457
       2         8.11716      0.00537967           7.608
       3          6.6064      0.00443428         6.27101
       4         5.24627      0.00361777          5.1163
       5         4.17483      0.00290913         4.11413
       6         3.31995       0.0023252         3.28834
       7         2.65505      0.00186976         2.64424
       8         2.16995      0.00153243         2.16719
       9         1.79055      0.00126683         1.79156
      10         1.50754      0.00106393         1.50463
