100
11
0.5
custom
1

0.999689
0.952174
0.871412
0.785515
0.703407
0.628329
0.56117
0.50178
0.449569
0.403788
0.36367
0.328489
0.297591
0.2704
0.246411
0.225194
0.206375
0.189637
0.174707
0.161352
0.149373
0.1386
0.128884

-1.40961
0.320383
1.9991
-0.486324
0.558295
0.00154807
-0.993906
-1.81741
-2.0082
-0.526643
2.74673
3.48026
0.939447
1.83555
-1.37221
1.15051
0.367719
3.27439
0.438212
-0.262602
-0.487281
-0.971111
0.764162
0.253505
0.580533
0.872259
-1.16362
2.03575
0.882596
-1.22397
-0.830553
-0.669965
-2.48097
0.281018
2.17997
2.39369
-3.50142
-0.193575
0.637761
-0.510885
0.622423
-0.4896
-0.767469
1.63994
-1.05081
-0.00332789

   batch        P accept         n0 mean            +/-     n0 std dev          E mean            +/-      E std dev          P mean            +/-      P std dev
   total         0.49982         8.50219     0.00549067        7.76498         8719.92       0.435373         615.71       -0.643257      0.0598521        84.6436

    mode      occupation             +/-         std dev
     -11         1.50336      0.00105956         1.49845
     -10         1.74321      0.00123314         1.74392
      -9         2.05738      0.00144772         2.04739
      -8         2.45887      0.00172871         2.44477
      -7         2.96927      0.00208811         2.95303
      -6         3.59584      0.00250715         3.54564
      -5         4.37231      0.00301505         4.26392
      -4         5.28142      0.00359432         5.08314
      -3         6.33472      0.00425938         6.02367
      -2         7.34696      0.00485088         6.86018
      -1         8.14669      0.00529309         7.48556
       0         8.50219      0.00549067         7.76498
       1         8.18507      0.00532398         7.52924
       2         7.28771      0.00482456         6.82296
       3         6.29803      0.00422461          5.9745
       4         5.29574       0.0036042         5.09711
       5         4.34178      0.00299982         4.24239
       6         3.57772        0.002494         3.52705
       7         2.94899      0.00206194         2.91602
       8         2.45528      0.00172468         2.43907
       9         2.05919      0.00145174         2.05307
      10         1.74635      0.00123017         1.73973
      11         1.49191      0.00105366          1.4901
