100
12
0.5
custom
1

0.999689
0.952174
0.871412
0.785515
0.703407
0.628329
0.56117
0.50178
0.449569
0.403788
0.36367
0.328489
0.297591
0.2704
0.246411
0.225194
0.206375
0.189637
0.174707
0.161352
0.149373
0.1386
0.128884
0.120099
0.112136

0.11374
1.46639
1.04017
1.91587
-0.326409
-0.53588
1.12999
-0.11999
-0.896477
1.36696
-0.416572
2.64445
-4.41459
-0.219669
1.42515
0.598708
-0.908558
-0.792238
-0.797374
1.51751
1.47775
-0.527385
0.0237873
0.26674
-1.37291
0.346681
-0.500986
-1.01013
-1.35807
-1.02288
0.0881859
3.03087
-0.549551
-0.0866099
1.3332
1.06676
3.09019
-0.0789969
1.6278
2.16942
-1.79472
-0.179038
0.321308
0.760983
2.82004
1.36681
0.177403
-1.36716
1.13352
0.518997

   batch        P accept         n0 mean            +/-     n0 std dev          E mean            +/-      E std dev          P mean            +/-      P std dev
   total        0.499785         7.40898     0.00484325        6.84939         9413.27       0.491217        694.685        0.215202      0.0641143        90.6712

    mode      occupation             +/-         std dev
     -12         1.47601      0.00103975         1.47043
     -11          1.6936      0.00119016         1.68314
     -10         1.96403      0.00137977         1.95129
      -9         2.28706       0.0016049         2.26967
      -8         2.68071      0.00187219         2.64767
      -7         3.16855      0.00220724         3.12151
      -6         3.72908      0.00257608         3.64313
      -5          4.3936      0.00300746          4.2532
      -4         5.14237      0.00348034         4.92194
      -3         5.92408       0.0039583         5.59788
      -2         6.67325      0.00443802          6.2763
      -1         7.10412      0.00467906         6.61719
       0         7.40898      0.00484325         6.84939
       1         7.20767      0.00472454         6.68151
       2         6.64376      0.00441373         6.24195
       3          5.9506      0.00399006          5.6428
       4          5.1623      0.00349414         4.94146
       5         4.38173      0.00300656         4.25192
       6         3.73763      0.00258485         3.65553
       7         3.16501      0.00220153         3.11343
       8         2.68326      0.00187484         2.65142
       9         2.28711      0.00160792         2.27395
      10         1.96426      0.00138205         1.95451
      11         1.69209      0.00119172         1.68534
      12         1.47914      0.00104297         1.47498
