100
13
0.5
custom
1

0.999689
0.952174
0.871412
0.785515
0.703407
0.628329
0.56117
0.50178
0.449569
0.403788
0.36367
0.328489
0.297591
0.2704
0.246411
0.225194
0.206375
0.189637
0.174707
0.161352
0.149373
0.1386
0.128884
0.120099
0.112136
0.104901
0.098312

-0.179728
0.478631
-0.421014
-1.15849
1.19446
2.79477
-0.397256
-0.0158935
0.809514
0.794074
2.89231
-0.908796
3.05623
-0.307226
1.42008
-1.10656
-0.801543
-0.636538
0.339773
0.550155
-0.51269
0.557774
0.946119
-1.35775
-0.977382
1.08854
-2.36714
1.06748
0.0417618
-0.798618
-1.81481
-0.0415515
-0.439237
-1.82552
2.25289
-1.20309
-2.49194
0.788723
-1.37849
-0.984065
-1.11213
-1.07319
0.404354
1.17137
3.26987
1.04177
1.45248
-2.3474
-1.80456
1.31101
-0.0167504
-0.112306
0.0545646
0.113189

   batch        P accept         n0 mean            +/-     n0 std dev          E mean            +/-      E std dev          P mean            +/-      P std dev
   total        0.500131         6.53674     0.00430685         6.0908         10145.1       0.550027        777.855       0.0764766      0.0684525        96.8065

    mode      occupation             +/-         std dev
     -13         1.44688      0.00101858         1.44048
     -12         1.64084      0.00115549         1.63411
     -11         1.86778      0.00131165         1.85496
     -10         2.14287      0.00149944         2.12053
      -9         2.45551      0.00171751         2.42893
      -8         2.83178      0.00196536         2.77944
      -7         3.28816       0.0022728         3.21423
      -6         3.78464      0.00260418         3.68286
      -5         4.36339      0.00298316         4.21883
      -4         4.92623      0.00333056         4.71012
      -3         5.57031      0.00376163         5.31974
      -2         6.02045      0.00400972          5.6706
      -1         6.38155      0.00420881         5.95216
       0         6.53674      0.00430685          6.0908
       1         6.39876      0.00420885         5.95221
       2         6.05485      0.00401314         5.67544
       3         5.53523      0.00371199         5.24955
       4         4.94067      0.00334753         4.73412
       5          4.3559      0.00297321         4.20475
       6           3.774      0.00259236         3.66616
       7         3.27398      0.00227281         3.21424
       8         2.83322      0.00197315         2.79045
       9          2.4666      0.00171998         2.43241
      10         2.14583      0.00150392         2.12686
      11         1.87171        0.001313         1.85686
      12         1.64374      0.00115293         1.63048
      13         1.44839      0.00102118         1.44417
