100
14
0.5
custom
1

0.999689
0.952174
0.871412
0.785515
0.703407
0.628329
0.56117
0.50178
0.449569
0.403788
0.36367
0.328489
0.297591
0.2704
0.246411
0.225194
0.206375
0.189637
0.174707
0.161352
0.149373
0.1386
0.128884
0.120099
0.112136
0.104901
0.098312
0.092297
0.0867943

-0.555408
0.679292
-0.722612
-0.708116
-0.827727
-1.8694
-0.827885
2.8105
0.222457
2.15001
-1.19663
0.94037
0.878316
0.637732
1.96466
-2.76862
2.57511
-1.54552
-1.09763
2.23564
0.276715
-2.28329
1.39522
0.808382
0.00748494
0.0789678
-0.451607
-0.905104
1.43293
1.09229
-0.742667
0.1872
0.602326
0.803275
0.444192
2.35715
0.544492
0.202732
-1.89434
1.80077
-0.378905
0.434021
-0.583388
-1.60231
-2.81626
-1.16269
-0.0543292
-0.640122
0.814725
1.16285
1.64089
-0.471084
-1.22133
1.31819
0.1422
0.133256
-1.15483
-1.17402

   batch        P accept         n0 mean            +/-     n0 std dev          E mean            +/-      E std dev          P mean            +/-      P std dev
   total        0.499967         5.83746      0.0038647        5.46551         10918.1       0.610327        863.133       -0.152485      0.0725737        102.635

    mode      occupation             +/-         std dev
     -14         1.41431       0.0009956         1.40799
     -13         1.58919      0.00111594         1.57818
     -12         1.78526      0.00125185         1.77039
     -11         2.01464      0.00141152          1.9962
     -10         2.28609        0.001594         2.25425
      -9         2.57466      0.00179412         2.53727
      -8         2.92915      0.00202887         2.86926
      -7         3.32941      0.00229739           3.249
      -6         3.75955       0.0025692         3.63339
      -5         4.22075      0.00286728         4.05494
      -4         4.71147      0.00318431          4.5033
      -3         5.18397      0.00348464         4.92802
      -2          5.5091      0.00366958         5.18957
      -1          5.7909      0.00383517         5.42375
       0         5.83746       0.0038647         5.46551
       1         5.76334      0.00382541         5.40995
       2         5.52147      0.00367689          5.1999
       3         5.17649      0.00346644         4.90228
       4         4.69672      0.00317338         4.48784
       5         4.23977      0.00288444         4.07922
       6         3.76388      0.00258827         3.66036
       7         3.33442      0.00229429         3.24462
       8         2.91873      0.00202626         2.86556
       9         2.57436      0.00179038         2.53197
      10          2.2747      0.00158695         2.24428
      11         2.01207      0.00140687         1.98962
      12         1.77929      0.00124868         1.76591
      13         1.58891      0.00111707         1.57977
      14         1.41996     0.000999394         1.41336
