100
15
0.5
custom
1

0.999689
0.952174
0.871412
0.785515
0.703407
0.628329
0.56117
0.50178
0.449569
0.403788
0.36367
0.328489
0.297591
0.2704
0.246411
0.225194
0.206375
0.189637
0.174707
0.161352
0.149373
0.1386
0.128884
0.120099
0.112136
0.104901
0.098312
0.092297
0.0867943
0.0817495
0.0771153

-0.740667
0.389567
-0.192518
-0.698432
0.990988
-1.03834
-1.32477
-1.7553
-0.783202
2.06376
1.33945
-0.323091
0.650382
0.491197
2.27632
0.0961603
2.9439
1.09468
-1.69552
0.106928
1.21508
0.214213
2.40789
1.55272
1.10054
-0.263187
-0.117729
-0.487324
-0.564184
0.0802838
-0.629089
-0.317271
-0.132888
0.717037
-0.0526577
1.34123
-2.3604
-0.395536
1.2851
-0.622279
0.296213
3.02611
-0.367977
-2.67921
0.632196
0.333324
0.0512132
2.3355
-1.42605
-1.61292
-0.202969
0.111881
-2.26721
1.0764
0.992319
-1.13309
-0.904756
0.0987355
2.08253
0.0393847
1.82467
-0.19413

   batch        P accept         n0 mean            +/-     n0 std dev          E mean            +/-      E std dev          P mean            +/-      P std dev
   total         0.49996           5.306     0.00352186        4.98067         11739.9       0.674706        954.179       0.0448055       0.076521        108.217

    mode      occupation             +/-         std dev
     -15          1.3828     0.000973485         1.37672
     -14         1.53836      0.00108008         1.52746
     -13         1.70437      0.00119531         1.69042
     -12         1.90507      0.00133556         1.88876
     -11         2.12908      0.00148473         2.09973
     -10         2.37842      0.00165589         2.34178
      -9         2.64822      0.00184306         2.60648
      -8         2.98758      0.00206183         2.91587
      -7         3.32303      0.00227927         3.22337
      -6         3.69283      0.00252476         3.57055
      -5         4.05703      0.00276346         3.90812
      -4         4.45828       0.0030109         4.25805
      -3          4.8135      0.00323322         4.57246
      -2         5.08899      0.00339595         4.80259
      -1         5.23273      0.00348664         4.93086
       0           5.306      0.00352186         4.98067
       1         5.25775      0.00349562         4.94355
       2         5.07771       0.0033853         4.78754
       3         4.78914      0.00321581         4.54785
       4         4.46701      0.00301693         4.26658
       5         4.07102      0.00276027         3.90361
       6         3.69577      0.00252411         3.56963
       7         3.31504       0.0022858          3.2326
       8           2.985      0.00206431         2.91937
       9         2.65939      0.00184421         2.60811
      10         2.38454      0.00166111         2.34916
      11         2.12389      0.00148642         2.10212
      12         1.89802      0.00132913         1.87967
      13         1.71029      0.00119839         1.69478
      14          1.5356      0.00107768         1.52407
      15         1.38355     0.000971313         1.37364
