100
16
0.5
custom
1

0.999689
0.952174
0.871412
0.785515
0.703407
0.628329
0.56117
0.50178
0.449569
0.403788
0.36367
0.328489
0.297591
0.2704
0.246411
0.225194
0.206375
0.189637
0.174707
0.161352
0.149373
0.1386
0.128884
0.120099
0.112136
0.104901
0.098312
0.092297
0.0867943
0.0817495
0.0771153
0.0728497
0.0689161

0.76258
-0.329391
-0.281049
0.397887
-1.00084
-0.498674
-1.30481
0.277997
2.61233
-0.911479
1.02933
1.27218
-0.281673
0.964685
1.9988
-0.702609
-0.853732
0.715328
-1.45699
0.398796
0.359336
0.317094
-3.51485
-1.58237
-1.54663
0.63659
1.27658
-0.557293
-0.115146
-0.642261
0.265287
-0.673984
1.22739
0.970438
0.765978
0.430571
1.38334
-1.71717
-1.57661
-0.921424
1.20902
0.633923
0.358574
0.406278
-1.70619
0.0831101
-1.45536
-3.34129
2.35155
-1.91047
-0.197975
0.124225
1.83148
-1.06297
-0.799387
-0.276463
-0.906579
-0.0758552
2.09358
0.488011
-1.74821
0.362903
0.76368
1.34464
0.194185
-0.798731

   batch        P accept         n0 mean            +/-     n0 std dev          E mean            +/-      E std dev          P mean            +/-      P std dev
   total         0.50008         4.86398     0.00324172        4.58448         12604.4       0.740129         1046.7       0.0282876      0.0804022        113.706

    mode      occupation             +/-         std dev
     -16         1.34997     0.000949515         1.34282
     -15         1.48231      0.00104177         1.47328
     -14         1.63065      0.00114274         1.61608
     -13         1.80546      0.00126688         1.79164
     -12         1.99054      0.00138716         1.96173
     -11         2.20251      0.00153455         2.17018
     -10         2.43675      0.00169231         2.39329
      -9          2.7058       0.0018726         2.64825
      -8         2.97717      0.00204822         2.89662
      -7          3.2833      0.00224641         3.17691
      -6         3.59395      0.00245241         3.46822
      -5         3.92588      0.00265687         3.75738
      -4         4.21297      0.00284893         4.02899
      -3         4.48423      0.00301043          4.2574
      -2         4.67415      0.00312572         4.42044
      -1         4.81856       0.0032097         4.53921
       0         4.86398      0.00324172         4.58448
       1         4.81302      0.00320612         4.53414
       2         4.70719      0.00315366         4.45994
       3         4.48224      0.00300101         4.24407
       4         4.18751      0.00282032         3.98854
       5         3.89921       0.0026443          3.7396
       6         3.58355      0.00244484         3.45752
       7         3.28697      0.00225219         3.18508
       8         2.97965      0.00205106         2.90063
       9         2.70699      0.00187813         2.65607
      10         2.44083      0.00169466         2.39662
      11         2.20639      0.00153521         2.17111
      12         1.99543      0.00139229           1.969
      13          1.7999      0.00125895         1.78043
      14         1.63615      0.00114661         1.62155
      15         1.48612      0.00104243         1.47422
      16         1.35066      0.00094916         1.34231
