100
17
0.5
custom
1

0.999689
0.952174
0.871412
0.785515
0.703407
0.628329
0.56117
0.50178
0.449569
0.403788
0.36367
0.328489
0.297591
0.2704
0.246411
0.225194
0.206375
0.189637
0.174707
0.161352
0.149373
0.1386
0.128884
0.120099
0.112136
0.104901
0.098312
0.092297
0.0867943
0.0817495
0.0771153
0.0728497
0.0689161
0.065282
0.0619187

0.400261
-0.126612
1.04753
-0.526758
0.0291272
0.833918
-1.36195
-0.102834
1.6142
0.853054
-2.20017
-0.585093
-1.70115
-1.39546
-0.709136
0.985655
-1.12483
2.038
1.52663
0.136745
-1.19984
-2.29128
-0.450588
-1.79551
0.130847
2.92783
-0.022827
0.708489
0.464328
-1.04733
0.737463
0.871765
-0.490082
-0.114659
-1.02749
-1.06332
1.26319
0.132406
0.858917
2.25401
0.328346
-1.05641
0.607116
1.37241
1.17565
1.01884
-0.812646
1.02296
-0.366771
-1.17001
-2.82713
1.67513
0.746932
-0.00113531
-2.45005
-0.433359
-0.402523
0.515483
0.825392
-1.30862
-0.916659
-0.814824
1.52194
0.374226
2.36876
-0.708107
0.713106
0.440857
0.65204
0.956748

   batch        P accept         n0 mean            +/-     n0 std dev          E mean            +/-      E std dev          P mean            +/-      P std dev
   total        0.500645         4.47137     0.00299505        4.23563         13521.3       0.813308        1150.19      -0.0610134      0.0841259        118.972

    mode      occupation             +/-         std dev
     -17         1.31834     0.000927375         1.31151
     -16         1.43373      0.00100736         1.42462
     -15         1.57124      0.00110148         1.55773
     -14         1.71553      0.00120004         1.69711
     -13         1.88555      0.00131697         1.86247
     -12         2.06215      0.00143609         2.03094
     -11         2.25451      0.00156446         2.21248
     -10         2.47369      0.00171327         2.42293
      -9         2.70314      0.00186455         2.63687
      -8         2.95199      0.00202821         2.86832
      -7         3.21695      0.00219942         3.11045
      -6         3.48191       0.0023717         3.35408
      -5         3.73091      0.00253203         3.58083
      -4         3.97378      0.00268397         3.79571
      -3         4.18373      0.00280692         3.96958
      -2          4.3499       0.0029212          4.1312
      -1         4.45306      0.00297761         4.21098
       0         4.47137      0.00299505         4.23563
       1         4.45565      0.00297545         4.20792
       2         4.34227      0.00291403         4.12106
       3          4.2023      0.00282459         3.99458
       4         3.97804      0.00268146         3.79216
       5         3.74452      0.00253899         3.59067
       6         3.47717      0.00236697         3.34741
       7         3.20149       0.0021949         3.10406
       8         2.96472      0.00203456         2.87731
       9         2.68914      0.00185083         2.61747
      10         2.48046      0.00171436         2.42447
      11         2.25573       0.0015681         2.21762
      12         2.05561       0.0014323         2.02558
      13          1.8832      0.00131587         1.86092
      14         1.71438      0.00119875         1.69529
      15          1.5648       0.0010962         1.55027
      16         1.44017      0.00101092         1.42966
      17         1.31888      0.00092663         1.31045
