100
18
0.5
custom
1

0.999689
0.952174
0.871412
0.785515
0.703407
0.628329
0.56117
0.50178
0.449569
0.403788
0.36367
0.328489
0.297591
0.2704
0.246411
0.225194
0.206375
0.189637
0.174707
0.161352
0.149373
0.1386
0.128884
0.120099
0.112136
0.104901
0.098312
0.092297
0.0867943
0.0817495
0.0771153
0.0728497
0.0689161
0.065282
0.0619187
0.0588008
0.0559056

1.08242
0.923535
-0.223785
0.665175
-0.551013
0.544068
1.42514
-1.87154
1.28184
-1.83066
0.945384
-0.0549678
0.152821
0.966828
1.65774
0.280992
1.13358
0.364606
-1.43482
-2.10875
0.751658
-1.43298
0.0477991
0.121867
-0.0858312
0.924239
-0.440819
-0.297646
0.950262
1.28248
-1.19293
-1.69589
0.684513
-1.22447
-0.408592
1.00458
1.77439
0.718338
-0.380614
-1.44993
-1.26775
0.697492
-0.103174
0.971678
1.45476
-0.0970332
2.10394
1.13676
-1.28462
0.9637
0.507305
-0.684542
1.82257
-0.698807
0.831486
1.72422
1.12807
-0.124578
-3.5988
2.64116
1.24245
1.73156
0.691646
0.57758
0.248089
-0.388466
1.70086
0.648312
-0.0952709
-1.20068
0.759835
-0.137916
0.00210919
-0.502841

   batch        P accept         n0 mean            +/-     n0 std dev          E mean            +/-      E std dev          P mean            +/-      P std dev
   total        0.500133           4.137     0.00277107        3.91889         14495.2       0.885898        1252.85      -0.0257302      0.0876521        123.959

    mode      occupation             +/-         std dev
     -18         1.28773     0.000902915         1.27691
     -17         1.39194     0.000976056         1.38035
     -16         1.51366      0.00106117         1.50072
     -15         1.63974      0.00114829         1.62393
     -14         1.77655      0.00123875         1.75186
     -13         1.93252      0.00134758         1.90577
     -12         2.09916      0.00145797         2.06188
     -11         2.28615       0.0015881         2.24591
     -10         2.48683      0.00171789         2.42946
      -9         2.70044      0.00186178         2.63295
      -8         2.90521      0.00199675         2.82384
      -7         3.13493      0.00214215         3.02946
      -6          3.3396      0.00227343         3.21511
      -5         3.57152      0.00241827         3.41995
      -4         3.77282      0.00254529         3.59958
      -3          3.9111      0.00263249          3.7229
      -2         4.05733      0.00272325         3.85125
      -1         4.13982      0.00277627         3.92624
       0           4.137      0.00277107         3.91889
       1         4.12409      0.00276702         3.91316
       2         4.04463      0.00271711         3.84258
       3         3.92141      0.00264578         3.74169
       4         3.74892      0.00253185         3.58057
       5         3.56477      0.00241273         3.41211
       6         3.35563      0.00228412         3.23023
       7         3.12424      0.00213214         3.01531
       8         2.91104      0.00200031         2.82886
       9         2.70334      0.00185906          2.6291
      10         2.48349      0.00171181         2.42086
      11         2.28985       0.0015861         2.24308
      12         2.10471      0.00145942         2.06393
      13          1.9367      0.00134922         1.90808
      14         1.77804      0.00124032         1.75407
      15         1.63631      0.00114521         1.61958
      16         1.51209      0.00106055         1.49985
      17         1.39095     0.000975032          1.3789
      18         1.28573      0.00090117         1.27445
