100
19
0.5
custom
1

0.999689
0.952174
0.871412
0.785515
0.703407
0.628329
0.56117
0.50178
0.449569
0.403788
0.36367
0.328489
0.297591
0.2704
0.246411
0.225194
0.206375
0.189637
0.174707
0.161352
0.149373
0.1386
0.128884
0.120099
0.112136
0.104901
0.098312
0.092297
0.0867943
0.0817495
0.0771153
0.0728497
0.0689161
0.065282
0.0619187
0.0588008
0.0559056
0.0532131
0.0507052

0.274709
-0.206803
-0.459597
-0.973458
-0.320264
-0.247237
-0.981284
-0.493066
1.33359
0.962542
0.0129469
1.90222
-0.351428
-0.440358
-2.35235
0.0600316
1.45403
-0.447791
2.12209
-0.499319
2.01849
0.63263
1.22611
-0.922363
-1.14549
0.315545
-1.05119
-1.30723
-2.11241
-1.8313
-0.215805
1.09123
-0.927356
0.114653
-0.145416
-1.57846
0.344438
0.470384
-0.813395
2.00885
-0.182262
-0.751632
0.244518
-0.400287
-0.123216
1.52079
0.410489
-0.125761
-0.861845
-1.56218
-0.0309878
2.7928
1.89472
-0.316758
2.96796
-0.395457
-0.704353
1.19741
0.836013
-0.901311
0.068806
-1.32349
-0.294531
1.60586
-0.892955
1.26753
-0.192539
1.04773
-0.460289
-0.00266952
1.58502
-2.13278
0.613278
-0.602974
-0.243006
0.932057
-1.41552
-0.511598

   batch        P accept         n0 mean            +/-     n0 std dev          E mean            +/-      E std dev          P mean            +/-      P std dev
   total        0.500255         3.88078     0.00260754        3.68761         15524.5       0.963095        1362.02         0.50263      0.0913677        129.213

    mode      occupation             +/-         std dev
     -19         1.25555     0.000881919         1.24722
     -18         1.34959     0.000947652         1.34018
     -17         1.45698       0.0010203         1.44292
     -16         1.57048      0.00109893         1.55413
     -15         1.69075      0.00117916         1.66758
     -14         1.82907       0.0012749         1.80299
     -13         1.97119      0.00136958         1.93687
     -12         2.13268      0.00147727         2.08918
     -11         2.29265      0.00158476         2.24119
     -10         2.47479      0.00170292          2.4083
      -9         2.65778      0.00182288         2.57794
      -8         2.84206      0.00194479         2.75035
      -7         3.02951      0.00206318         2.91778
      -6         3.21342       0.0021893         3.09613
      -5         3.40582      0.00231192         3.26954
      -4         3.54641      0.00240024         3.39445
      -3         3.68239      0.00248734         3.51763
      -2         3.77963      0.00254742          3.6026
      -1         3.84027      0.00258016          3.6489
       0         3.88078      0.00260754         3.68761
       1         3.85978      0.00260071         3.67796
       2         3.77985      0.00254918         3.60509
       3         3.68298      0.00248911         3.52013
       4         3.55799      0.00240823         3.40575
       5          3.4051      0.00230135         3.25461
       6         3.22763       0.0021976         3.10787
       7         3.04131       0.0020751         2.93463
       8         2.83659      0.00194345         2.74845
       9         2.66301      0.00182732         2.58422
      10         2.47883      0.00171056          2.4191
      11         2.29579      0.00158674         2.24399
      12         2.13916      0.00148618         2.10178
      13         1.97378      0.00137316         1.94194
      14           1.823      0.00126963         1.79553
      15         1.69222      0.00118053         1.66952
      16         1.57607      0.00110167           1.558
      17         1.45747      0.00102039         1.44305
      18         1.35156     0.000948698         1.34166
      19         1.25609     0.000881442         1.24655
