100
20
0.5
custom
1

0.999689
0.952174
0.871412
0.785515
0.703407
0.628329
0.56117
0.50178
0.449569
0.403788
0.36367
0.328489
0.297591
0.2704
0.246411
0.225194
0.206375
0.189637
0.174707
0.161352
0.149373
0.1386
0.128884
0.120099
0.112136
0.104901
0.098312
0.092297
0.0867943
0.0817495
0.0771153
0.0728497
0.0689161
0.065282
0.0619187
0.0588008
0.0559056
0.0532131
0.0507052
0.0483658
0.0461806

0.330453
-0.930217
0.663857
-0.576667
0.494664
-0.697439
-0.122713
-0.469473
-0.847505
2.72073
-1.12664
-2.9772
-0.454467
-0.359049
-1.88406
0.300821
-0.118831
-1.36825
-0.268658
0.31147
-0.0665113
-1.01965
0.646199
-0.378375
0.807033
-0.845473
-0.439338
0.0905149
-2.34919
-1.03867
0.526269
1.5065
1.00109
0.231348
0.555983
-0.446694
0.197249
0.405013
0.120346
0.691051
-1.22175
1.27016
-1.00106
-0.206076
0.18553
-0.526254
1.0826
-0.715343
-1.01057
-1.26594
0.305844
-1.07399
0.996054
-1.61072
1.70035
-0.406258
0.189719
2.33184
0.598469
0.0049794
0.0642664
-0.545962
-0.629994
1.0434
2.20701
1.14955
-1.37287
-1.44053
-1.9406
-3.10802
1.32861
-0.525446
-0.370158
1.09712
0.868126
-0.659005
0.16685
-1.3192
0.00544211
-1.39733
1.15953
0.966204

   batch        P accept         n0 mean            +/-     n0 std dev          E mean            +/-      E std dev          P mean            +/-      P std dev
   total        0.500238         3.62229     0.00243207        3.43946         16612.1        1.04491        1477.73       0.0717693      0.0949826        134.326

    mode      occupation             +/-         std dev
     -20         1.22612     0.000861293         1.21805
     -19         1.31068     0.000916565         1.29622
     -18         1.40607     0.000985807         1.39414
     -17         1.51071      0.00105551         1.49272
     -16         1.61656      0.00112925           1.597
     -15         1.73481      0.00120829         1.70878
     -14         1.86151      0.00129499         1.83139
     -13         2.00264      0.00138964         1.96525
     -12         2.14326      0.00148318         2.09753
     -11         2.28924      0.00157843         2.23224
     -10         2.44781       0.0016852         2.38323
      -9         2.61149      0.00179329         2.53609
      -8         2.77675        0.001901         2.68842
      -7         2.94135       0.0020054         2.83607
      -6         3.09092      0.00210352         2.97483
      -5         3.23282       0.0021916         3.09939
      -4         3.36721      0.00227586         3.21856
      -3         3.45015      0.00233435         3.30127
      -2         3.54622      0.00238847          3.3778
      -1         3.61499      0.00243326         3.44115
       0         3.62229      0.00243207         3.43946
       1         3.59038       0.0024126         3.41193
       2         3.56341      0.00240257         3.39775
       3         3.47071      0.00234148         3.31135
       4         3.37723      0.00228229         3.22765
       5          3.2387      0.00219559         3.10504
       6          3.0842      0.00209932         2.96888
       7         2.92921      0.00199749         2.82487
       8         2.77131      0.00189668         2.68231
       9         2.61599        0.001801           2.547
      10         2.45168      0.00169136         2.39195
      11         2.29632      0.00158463         2.24101
      12         2.14098       0.0014794         2.09219
      13         2.00226      0.00139044         1.96638
      14         1.85954      0.00128946         1.82358
      15         1.73418      0.00120623         1.70587
      16         1.61491      0.00112836         1.59575
      17         1.50815      0.00105463         1.49147
      18          1.4081     0.000984749         1.39264
      19         1.31277     0.000920165         1.30131
      20         1.22639     0.000861815         1.21879
