100
21
0.5
custom
1

0.999689
0.952174
0.871412
0.785515
0.703407
0.628329
0.56117
0.50178
0.449569
0.403788
0.36367
0.328489
0.297591
0.2704
0.246411
0.225194
0.206375
0.189637
0.174707
0.161352
0.149373
0.1386
0.128884
0.120099
0.112136
0.104901
0.098312
0.092297
0.0867943
0.0817495
0.0771153
0.0728497
0.0689161
0.065282
0.0619187
0.0588008
0.0559056
0.0532131
0.0507052
0.0483658
0.0461806
0.0441367
0.0422223

-1.92784
-0.54485
-0.259814
-0.332737
1.34851
0.681754
-1.12587
1.4741
-0.273475
0.213471
-1.25189
-1.62029
-0.712986
-0.321426
-0.22832
0.261167
-0.0131447
0.459517
-0.132513
-2.14623
-0.318675
1.34597
1.7757
-0.388448
0.241418
-0.964882
-0.748452
1.80133
-0.984885
-1.47379
-0.384203
0.455038
-2.47462
-0.51251
-0.181912
0.103693
-1.60294
0.277601
0.504891
-0.241822
-0.531476
0.44794
1.3589
0.0669644
0.0675018
0.16932
-2.07912
1.08302
-0.349856
0.630042
-0.00177674
-0.00876369
-0.574263
2.07274
1.0917
0.480993
0.729007
0.520398
-0.519789
0.347897
-0.849686
0.855499
1.56742
-2.49679
-0.0848912
-1.69084
-3.27688
-1.13247
0.158041
-0.178191
-1.23576
-1.83964
-0.385718
0.577107
-2.50605
0.47804
0.971586
-0.000470216
0.82748
0.550022
-0.673225
0.158273
-0.447187
-0.305033
0.175571
-1.39915

   batch        P accept         n0 mean            +/-     n0 std dev          E mean            +/-      E std dev          P mean            +/-      P std dev
   total        0.499719         3.40239     0.00229299        3.24278         17756.4        1.12865        1596.16      -0.0273698      0.0983757        139.124

    mode      occupation             +/-         std dev
     -21         1.19674     0.000839386         1.18707
     -20         1.27447     0.000892376         1.26201
     -19         1.36015     0.000951458         1.34556
     -18         1.45049      0.00101526         1.43579
     -17         1.54865      0.00108245         1.53081
     -16         1.65384      0.00115142         1.62835
     -15         1.76684       0.0012284         1.73722
     -14         1.88115      0.00130769         1.84935
     -13         2.00542      0.00138942         1.96494
     -12         2.13805      0.00147658         2.08819
     -11          2.2628       0.0015616         2.20843
     -10         2.41791      0.00166285         2.35162
      -9         2.54922      0.00174523         2.46812
      -8         2.69252      0.00183747         2.59857
      -7         2.84394      0.00193594         2.73783
      -6         2.97942      0.00202841         2.86861
      -5         3.08435      0.00209437         2.96188
      -4         3.19407      0.00216156         3.05691
      -3         3.27211      0.00220936         3.12451
      -2         3.34763      0.00226054         3.19688
      -1          3.3888      0.00228718         3.23456
       0         3.40239      0.00229299         3.24278
       1         3.38956      0.00228171         3.22682
       2          3.3381      0.00224716         3.17796
       3         3.27234      0.00220857         3.12339
       4         3.19828      0.00216571         3.06277
       5         3.08371      0.00209201         2.95855
       6         2.95822      0.00201608         2.85116
       7         2.83265       0.0019298         2.72915
       8         2.69611        0.001844          2.6078
       9         2.56043      0.00175354         2.47989
      10         2.41791      0.00166109         2.34914
      11         2.26087      0.00155907         2.20486
      12         2.13937      0.00147848         2.09088
      13         2.00626      0.00138821         1.96323
      14         1.88545      0.00130884         1.85098
      15         1.76446      0.00122736         1.73575
      16          1.6515      0.00115232         1.62963
      17         1.54953      0.00108099         1.52876
      18         1.45321      0.00101642         1.43744
      19          1.3583     0.000951138         1.34511
      20         1.27565     0.000894376         1.26484
      21         1.19713     0.000840632         1.18883
