100
22
0.5
custom
1

0.999689
0.952174
0.871412
0.785515
0.703407
0.628329
0.56117
0.50178
0.449569
0.403788
0.36367
0.328489
0.297591
0.2704
0.246411
0.225194
0.206375
0.189637
0.174707
0.161352
0.149373
0.1386
0.128884
0.120099
0.112136
0.104901
0.098312
0.092297
0.0867943
0.0817495
0.0771153
0.0728497
0.0689161
0.065282
0.0619187
0.0588008
0.0559056
0.0532131
0.0507052
0.0483658
0.0461806
0.0441367
0.0422223
0.040427
0.0387414

-0.176018
-0.207543
-1.03512
0.0399134
2.37816
0.158278
-1.47648
0.619528
0.678258
-1.2265
-0.944059
0.502848
-1.49776
0.785079
0.90621
-2.98897
-1.98153
-0.116109
-0.579967
0.088077
0.827686
0.127676
0.415228
0.519159
1.91473
0.486517
1.32329
-3.09403
1.37866
-2.03302
-1.27712
-0.137594
0.237163
1.19596
0.458545
-1.47017
0.505591
-0.313346
-0.831157
-0.0144686
0.70775
1.28607
-0.72074
0.581152
0.00771482
-0.624816
1.26212
1.1532
0.214087
0.548111
0.999948
-0.86469
-0.176147
-0.99226
-0.113387
1.29678
-0.791306
-0.170479
-0.508432
0.196313
0.834016
0.0947414
-0.262177
-1.01668
-0.569705
-0.374281
-0.895139
-0.517109
0.538306
-1.4268
1.58959
-0.722313
0.962219
-0.32637
0.0531435
1.92513
1.9275
-1.27906
2.19348
1.34257
0.439349
-0.387951
-0.560876
-0.200801
-0.34338
0.0423737
-1.14765
-1.3671
0.0250572
-0.369634

   batch        P accept         n0 mean            +/-     n0 std dev          E mean            +/-      E std dev          P mean            +/-      P std dev
   total        0.500135          3.2209     0.00217307        3.07318         18965.1         1.2204        1725.91        0.149152       0.101763        143.914

    mode      occupation             +/-         std dev
     -22         1.16955     0.000820562         1.16045
     -21         1.24474     0.000873098         1.23475
     -20         1.31784     0.000921759         1.30356
     -19         1.40079     0.000978142          1.3833
     -18         1.48329      0.00103614         1.46533
     -17         1.58217      0.00110167         1.55799
     -16         1.67456      0.00116634         1.64945
     -15         1.77699      0.00123402         1.74517
     -14          1.8876      0.00130798         1.84976
     -13          2.0037      0.00138519         1.95896
     -12         2.12965      0.00146957         2.07828
     -11         2.24967      0.00154795         2.18913
     -10         2.36956      0.00162754         2.30169
      -9         2.48634      0.00170469         2.41079
      -8         2.60822      0.00178026         2.51767
      -7         2.73707      0.00186873         2.64279
      -6         2.83436      0.00192908         2.72813
      -5         2.94557      0.00199757         2.82498
      -4         3.03278      0.00205288         2.90321
      -3         3.09404      0.00209527         2.96316
      -2          3.1545      0.00213192         3.01499
      -1         3.19858      0.00215895         3.05321
       0          3.2209      0.00217307         3.07318
       1         3.19127      0.00215677         3.05013
       2          3.1569      0.00213193         3.01501
       3         3.11446      0.00210375         2.97515
       4         3.03432      0.00205565         2.90713
       5         2.93833      0.00199563         2.82224
       6         2.84397      0.00193328         2.73407
       7          2.7272      0.00185768         2.62716
       8         2.61394       0.0017865         2.52649
       9         2.48838      0.00170706         2.41414
      10         2.36752      0.00162527         2.29848
      11         2.24527      0.00154556         2.18575
      12         2.12342      0.00146816         2.07629
      13          2.0056      0.00138617         1.96035
      14         1.88464       0.0013071         1.84852
      15         1.78352      0.00123882         1.75196
      16         1.67622       0.0011669         1.65024
      17         1.57541      0.00109861         1.55367
      18         1.48912      0.00103793         1.46786
      19         1.39887     0.000977763         1.38276
      20         1.31957     0.000923379         1.30586
      21         1.24557     0.000872516         1.23392
      22           1.174     0.000823397         1.16446
