100
23
0.5
custom
1

0.999689
0.952174
0.871412
0.785515
0.703407
0.628329
0.56117
0.50178
0.449569
0.403788
0.36367
0.328489
0.297591
0.2704
0.246411
0.225194
0.206375
0.189637
0.174707
0.161352
0.149373
0.1386
0.128884
0.120099
0.112136
0.104901
0.098312
0.092297
0.0867943
0.0817495
0.0771153
0.0728497
0.0689161
0.065282
0.0619187
0.0588008
0.0559056
0.0532131
0.0507052
0.0483658
0.0461806
0.0441367
0.0422223
0.040427
0.0387414
0.0371569
0.0356656

1.15754
-1.07121
-0.336159
-0.509828
-0.0109443
-1.35815
0.145814
1.01885
0.391341
-0.0410877
-0.244582
-1.13339
-0.116761
-0.398265
3.09203
-0.0968029
-0.313083
-0.0365281
1.26563
1.58626
1.18107
0.746618
0.384516
1.10756
-0.258224
0.67351
1.27253
-1.90906
0.202529
2.42885
0.309549
1.18899
0.213411
0.110141
0.0327832
-0.0129266
-0.156227
-0.958708
0.583314
-0.39237
-0.514912
-0.336365
-0.791327
-0.652956
-0.121445
-0.203231
-0.890025
-0.27218
0.122431
-1.01708
1.51255
0.028816
1.24879
1.77694
0.772014
-0.219436
-1.25683
0.288869
-0.316871
0.0927781
-0.541071
-0.374862
-0.117531
-2.48147
0.704718
0.134692
-0.067432
1.60022
1.15506
-0.86264
-0.267689
1.1262
-0.288439
-1.79244
-1.73468
-1.98204
0.188459
-0.983012
2.46109
-0.642393
-1.74781
-0.0558885
-2.42737
0.325061
-0.673525
-1.40165
-0.210314
0.639871
0.25972
0.465007
-1.6732
0.142662
-0.860745
1.1465

   batch        P accept         n0 mean            +/-     n0 std dev          E mean            +/-      E std dev          P mean            +/-      P std dev
   total        0.499731         3.03013     0.00204835         2.8968           20228        1.30804        1849.85       0.0462843       0.105149        148.703

    mode      occupation             +/-         std dev
     -23         1.14303     0.000802576         1.13501
     -22         1.20892      0.00084656         1.19722
     -21         1.27659     0.000893583         1.26372
     -20         1.34964     0.000942561         1.33298
     -19         1.43092     0.000998594         1.41222
     -18         1.51174      0.00105449         1.49127
     -17         1.59869      0.00111289         1.57386
     -16         1.69274      0.00117361         1.65973
     -15         1.78909      0.00124059         1.75446
     -14         1.88578      0.00130411         1.84428
     -13         1.99015      0.00137404         1.94319
     -12         2.10076        0.001448         2.04778
     -11         2.20828      0.00151904         2.14825
     -10         2.32742      0.00159523         2.25599
      -9          2.4258      0.00165985         2.34738
      -8         2.52922      0.00172799         2.44375
      -7         2.63671      0.00179777         2.54243
      -6         2.72564      0.00185503         2.62341
      -5          2.8104      0.00190865         2.69924
      -4          2.8874      0.00195584         2.76598
      -3         2.95047      0.00200059         2.82926
      -2         2.99588      0.00202393         2.86226
      -1          3.0103      0.00203703          2.8808
       0         3.03013      0.00204835          2.8968
       1          3.0158      0.00203584         2.87911
       2          2.9957      0.00202671         2.86621
       3         2.94344      0.00199607         2.82287
       4         2.88911      0.00195947         2.77111
       5         2.80653      0.00190744         2.69753
       6         2.73096      0.00186003         2.63048
       7         2.63628      0.00179892         2.54405
       8         2.52979      0.00172545         2.44016
       9         2.41999      0.00165667         2.34288
      10         2.31626      0.00159037         2.24913
      11         2.21182      0.00152291         2.15372
      12           2.101      0.00144555         2.04432
      13         1.99251      0.00137559         1.94537
      14         1.88814      0.00130875         1.85086
      15         1.78727      0.00123632         1.74842
      16          1.6957      0.00117692         1.66442
      17         1.60056      0.00111365         1.57494
      18         1.51123      0.00105251         1.48847
      19          1.4329      0.00100032         1.41466
      20         1.35077     0.000945125         1.33661
      21         1.27867     0.000895494         1.26642
      22         1.20683     0.000845851         1.19621
      23         1.14303     0.000801891         1.13404
