100
24
0.5
custom
1

0.999689
0.952174
0.871412
0.785515
0.703407
0.628329
0.56117
0.50178
0.449569
0.403788
0.36367
0.328489
0.297591
0.2704
0.246411
0.225194
0.206375
0.189637
0.174707
0.161352
0.149373
0.1386
0.128884
0.120099
0.112136
0.104901
0.098312
0.092297
0.0867943
0.0817495
0.0771153
0.0728497
0.0689161
0.065282
0.0619187
0.0588008
0.0559056
0.0532131
0.0507052
0.0483658
0.0461806
0.0441367
0.0422223
0.040427
0.0387414
0.0371569
0.0356656
0.0342606
0.0329355

-0.826538
0.247466
-1.61903
-0.720241
1.77611
0.690847
-0.260873
0.318844
-0.585186
1.08911
1.39783
1.17962
0.330306
0.71178
0.297738
-0.119652
-0.737231
-0.516629
-0.0603567
-0.640689
-0.136346
1.20513
-1.00683
-0.10164
0.680232
0.640671
-0.217831
-1.10464
3.18002
-0.46415
1.16188
-0.401033
-0.127577
0.565202
0.0574275
-2.87126
-0.828725
0.0997818
-0.384092
-0.269047
-1.3704
1.32054
-0.492724
-0.450447
-0.0655208
0.155254
-0.423341
-0.349336
0.402768
1.06297
0.427497
0.703041
2.11349
-0.614693
-0.653798
0.912929
-0.568996
0.0580159
1.58237
-0.378366
1.29951
-0.901941
0.126229
-0.744499
-0.980735
-0.214204
0.498791
-0.590527
-0.257246
-1.10633
0.34316
-1.8172
1.04785
-0.881324
0.271251
-0.409122
-1.23514
2.27268
-0.448799
-2.04998
-2.01276
-2.93295
0.670355
1.22884
-0.595669
-1.09454
-0.586505
-0.327818
-0.945526
-0.38922
0.580726
-0.580654
-0.314895
-0.237552
-1.29621
0.621963
-0.229746
0.930618

   batch        P accept         n0 mean            +/-     n0 std dev          E mean            +/-      E std dev          P mean            +/-      P std dev
   total        0.500194         2.86015     0.00193126        2.73121         21567.9        1.40368         1985.1       -0.289513       0.108259        153.102

    mode      occupation             +/-         std dev
     -24         1.11919     0.000784516         1.10947
     -23         1.18168     0.000827865         1.17078
     -22         1.24115     0.000869039         1.22901
     -21         1.30964     0.000915854         1.29521
     -20         1.37907     0.000963121         1.36206
     -19         1.45548      0.00101413          1.4342
     -18         1.52977      0.00106448          1.5054
     -17         1.61515      0.00112237         1.58728
     -16         1.69892      0.00117902         1.66738
     -15         1.78942      0.00123874         1.75184
     -14         1.87747       0.0012984         1.83622
     -13         1.97974      0.00136851         1.93537
     -12         2.07208      0.00142451         2.01456
     -11         2.17036      0.00149119         2.10886
     -10         2.26859      0.00155335         2.19676
      -9         2.35728      0.00160883         2.27523
      -8         2.44648      0.00166941          2.3609
      -7         2.54228      0.00173454         2.45301
      -6         2.61319      0.00177647          2.5123
      -5          2.6945      0.00183465         2.59459
      -4         2.74165      0.00185798         2.62758
      -3         2.79311      0.00189197         2.67564
      -2         2.84012      0.00192488          2.7222
      -1         2.85908      0.00193609         2.73804
       0         2.86015      0.00193126         2.73121
       1         2.86041      0.00193469         2.73606
       2         2.83227      0.00191921         2.71417
       3         2.80203      0.00189894          2.6855
       4         2.75765      0.00187127         2.64638
       5         2.69261      0.00182665         2.58327
       6         2.61203      0.00177642         2.51224
       7         2.54195      0.00173453           2.453
       8         2.44847      0.00166966         2.36125
       9         2.35861      0.00161601         2.28538
      10         2.26509      0.00155144         2.19406
      11         2.16248       0.0014855         2.10082
      12         2.07309      0.00142705         2.01815
      13         1.97009      0.00135715          1.9193
      14         1.87689      0.00129769         1.83521
      15         1.78383      0.00123399         1.74513
      16         1.69741      0.00117693         1.66444
      17         1.61393      0.00112101         1.58534
      18         1.52718      0.00106267         1.50284
      19         1.45698      0.00101683         1.43802
      20         1.37922     0.000961404         1.35963
      21         1.31199     0.000916598         1.29627
      22         1.24075     0.000866955         1.22606
      23         1.17752     0.000823666         1.16484
      24         1.12197       0.0007869         1.11284
