100
25
0.5
custom
1

0.999689
0.952174
0.871412
0.785515
0.703407
0.628329
0.56117
0.50178
0.449569
0.403788
0.36367
0.328489
0.297591
0.2704
0.246411
0.225194
0.206375
0.189637
0.174707
0.161352
0.149373
0.1386
0.128884
0.120099
0.112136
0.104901
0.098312
0.092297
0.0867943
0.0817495
0.0771153
0.0728497
0.0689161
0.065282
0.0619187
0.0588008
0.0559056
0.0532131
0.0507052
0.0483658
0.0461806
0.0441367
0.0422223
0.040427
0.0387414
0.0371569
0.0356656
0.0342606
0.0329355
0.0316843
0.0305019

0.313802
0.620002
-1.02235
-0.0795223
1.17566
-0.250835
-1.13091
0.0269397
0.416795
-0.846717
0.40852
-0.478726
-0.589532
-2.35235
-0.887724
-0.950354
-0.863623
0.102186
-1.85857
-0.327005
0.792566
-0.417347
-0.817494
-0.759618
1.05013
-1.03815
-1.36841
0.137901
-0.335825
0.431602
0.893924
1.91839
-2.76975
-0.718868
1.43567
0.975881
-0.34601
1.10234
-0.0977555
-0.231359
-1.08665
-0.529384
-0.913226
0.569934
0.0862917
-0.401221
1.54324
-0.638258
-1.52917
-0.407014
1.60202
-0.395904
-0.62221
0.376612
-0.611708
0.945952
0.00580437
-1.63464
-1.13441
-0.147012
-0.890707
0.726238
0.341363
0.862943
-0.264179
-2.60072
-1.15184
1.53485
-0.00842936
-1.00068
-0.556257
0.880958
0.501723
2.48749
0.96545
1.43367
-1.55883
-0.707535
0.879772
0.906763
0.328124
1.14088
0.795331
0.747582
1.78794
1.16973
0.53864
0.508841
0.641219
-0.199449
-0.64827
0.313748
0.840637
0.427949
-1.27862
0.751243
0.0504835
-0.0997677
-0.381101
0.98614
-0.828307
0.393836

   batch        P accept         n0 mean            +/-     n0 std dev          E mean            +/-      E std dev          P mean            +/-      P std dev
   total        0.500076         2.72007     0.00183933         2.6012         22961.2        1.50063         2122.2        0.161918       0.111502        157.688

    mode      occupation             +/-         std dev
     -25          1.0956     0.000767796         1.08583
     -24         1.15048     0.000805992         1.13984
     -23         1.20679     0.000845013         1.19503
     -22         1.26853     0.000886431          1.2536
     -21         1.32868     0.000926974         1.31094
     -20          1.3993      0.00097478         1.37855
     -19         1.47137      0.00102357         1.44755
     -18         1.54212      0.00107048         1.51388
     -17         1.61915      0.00112171         1.58633
     -16         1.69667      0.00117455         1.66107
     -15         1.78388      0.00123401         1.74515
     -14         1.86082      0.00128488         1.81709
     -13         1.95368      0.00134425         1.90106
     -12         2.03751      0.00140252         1.98346
     -11         2.11753      0.00145216         2.05366
     -10         2.20264      0.00151008         2.13557
      -9         2.28278      0.00156136          2.2081
      -8         2.37279      0.00161925         2.28996
      -7         2.44717      0.00166497         2.35462
      -6         2.50499      0.00170306         2.40849
      -5           2.576      0.00175276         2.47877
      -4         2.62695      0.00177957         2.51669
      -3         2.66939      0.00181283         2.56373
      -2         2.69394      0.00182665         2.58327
      -1         2.72499      0.00184415         2.60802
       0         2.72007      0.00183933          2.6012
       1         2.72073      0.00184124         2.60391
       2          2.7015      0.00182895         2.58652
       3         2.67061      0.00181343         2.56458
       4         2.63015      0.00178602         2.52581
       5         2.56722      0.00174647         2.46989
       6         2.51775      0.00171399         2.42395
       7         2.43668      0.00166048         2.34828
       8         2.37127      0.00161663         2.28626
       9         2.29046      0.00156624           2.215
      10         2.20071      0.00150382         2.12672
      11          2.1205      0.00145468         2.05722
      12         2.03362      0.00139783         1.97683
      13          1.9505      0.00134209           1.898
      14         1.86719      0.00128916         1.82314
      15         1.78308      0.00123278         1.74342
      16         1.69362      0.00117248         1.65814
      17         1.62302      0.00112478         1.59067
      18         1.54296      0.00107292         1.51734
      19         1.46904      0.00102202         1.44536
      20         1.39777     0.000973012         1.37605
      21         1.33342      0.00092997         1.31518
      22         1.27176      0.00088882         1.25698
      23         1.20999     0.000847956         1.19919
      24          1.1508     0.000807246         1.14162
      25         1.09185     0.000765252         1.08223
