100
4
0.5
custom
1

0.999689
0.952174
0.871412
0.785515
0.703407
0.628329
0.56117
0.50178
0.449569

-0.764553
-0.159155
-1.28743
-1.81441
-5.7673
4.49082
0.089118
-0.0302846
0.272531
0.950663
0.879058
1.37166
2.98711
4.85095
-1.9781
-0.368937
0.705877
-0.607035

   batch        P accept         n0 mean            +/-     n0 std dev          E mean            +/-      E std dev          P mean            +/-      P std dev
   total        0.499954         70.0177     0.00279594        19.7703         5216.67      0.0112599        79.6194         1.76095     0.00257996        18.2431

    mode      occupation             +/-         std dev
      -4         0.75221     0.000107376        0.759263
      -3         1.33996     0.000187928         1.32885
      -2          2.8689      0.00040683         2.87673
      -1         9.29388      0.00136522         9.65354
       0         70.0177      0.00279594         19.7703
       1         10.5573      0.00181841         12.8581
       2         3.01506     0.000451052         3.18942
       3         1.38607     0.000198165         1.40124
       4        0.768924     0.000110725        0.782945
