100
5
0.5
custom
1

0.999689
0.952174
0.871412
0.785515
0.703407
0.628329
0.56117
0.50178
0.449569
0.403788
0.36367

-0.985596
0.0789763
-1.463
-1.17432
1.45379
-2.17433
-0.740367
1.836
-1.59779
-0.503379
0.0126226
0.23314
0.769978
-0.138184
0.145985
-4.86045
6.15362
3.88629
1.90232
0.270031
0.913027
-0.359151

   batch        P accept         n0 mean            +/-     n0 std dev          E mean            +/-      E std dev          P mean            +/-      P std dev
   total        0.500265         49.1511      0.0176846        25.0098         5454.94       0.104664        148.017        -3.02048      0.0262595        37.1365

    mode      occupation             +/-         std dev
      -5         0.95535     0.000692913        0.979926
      -4         1.48208      0.00108356         1.53239
      -3         2.53881      0.00186601         2.63893
      -2         5.30312      0.00402582         5.69336
      -1         16.2237       0.0121496         17.1822
       0         49.1511       0.0176846         25.0098
       1         14.6222       0.0109121         15.4321
       2         4.95917      0.00362635         5.12844
       3         2.40324      0.00176458         2.49549
       4         1.42576      0.00102433         1.44862
       5         0.93553     0.000672233        0.950681
