100
6
0.5
custom
1

0.999689
0.952174
0.871412
0.785515
0.703407
0.628329
0.56117
0.50178
0.449569
0.403788
0.36367
0.328489
0.297591

1.05405
0.549496
0.304417
0.254329
2.80036
4.21597
-3.98631
2.07549
0.890146
-2.47578
-0.486532
-0.44674
0.242465
0.320452
-0.468721
0.0298054
1.02529
3.08434
0.787332
4.58265
-1.83769
-1.86992
-0.927544
-0.0293596
1.59555
1.55212

   batch        P accept         n0 mean            +/-     n0 std dev          E mean            +/-      E std dev          P mean            +/-      P std dev
   total        0.499912         31.1658        0.01551        21.9344          5829.3       0.164144        232.134         1.55577      0.0353434        49.9832

    mode      occupation             +/-         std dev
      -6         1.16563     0.000837957         1.18505
      -5         1.61811      0.00116948          1.6539
      -4         2.36996      0.00172912         2.44534
      -3         3.94248      0.00292613         4.13818
      -2         7.36569      0.00533094         7.53909
      -1         17.4708       0.0115353         16.3133
       0         31.1658         0.01551         21.9344
       1         17.9922       0.0118528         16.7624
       2         7.72213      0.00560618         7.92833
       3         3.99788      0.00290862         4.11341
       4         2.39785      0.00173969         2.46029
       5         1.62121      0.00116605         1.64904
       6         1.17033     0.000838084         1.18523
