100
7
0.5
custom
1

0.999689
0.952174
0.871412
0.785515
0.703407
0.628329
0.56117
0.50178
0.449569
0.403788
0.36367
0.328489
0.297591
0.2704
0.246411

-0.289247
-0.703642
-0.895617
0.0196089
-2.09413
0.840483
-4.38017
3.71337
1.3121
-4.38158
0.461034
1.20772
0.826617
1.50277
-0.184346
0.434737
0.873772
0.688291
0.850551
-0.0642725
-3.63755
-3.02466
-0.920654
1.11899
-2.1947
1.3231
0.952386
0.876887
-0.290409
-0.154742

   batch        P accept         n0 mean            +/-     n0 std dev          E mean            +/-      E std dev          P mean            +/-      P std dev
   total        0.500128         20.9859      0.0119008        16.8302         6306.65       0.221498        313.246        0.450336       0.041069        58.0803

    mode      occupation             +/-         std dev
      -7         1.33415     0.000955525         1.35132
      -6         1.74465      0.00124535         1.76119
      -5         2.36601       0.0016955         2.39779
      -4         3.46059      0.00246383         3.48438
      -3         5.37854      0.00383642         5.42552
      -2         9.15962      0.00635388         8.98574
      -1         15.9267       0.0100135         14.1612
       0         20.9859       0.0119008         16.8302
       1         16.0667       0.0100693         14.2402
       2          9.2768      0.00645402         9.12736
       3         5.37317      0.00382413         5.40814
       4          3.4669      0.00250303         3.53982
       5         2.38784      0.00171055         2.41909
       6         1.74248      0.00124106         1.75513
       7         1.32996     0.000945677         1.33739
