100
8
0.5
custom
1

0.999689
0.952174
0.871412
0.785515
0.703407
0.628329
0.56117
0.50178
0.449569
0.403788
0.36367
0.328489
0.297591
0.2704
0.246411
0.225194
0.206375

1.25564
-0.138508
0.416871
-2.32973
-0.771454
-1.8536
-0.872913
-1.26459
3.01132
-5.2598
-2.72286
0.782583
1.78203
-0.160709
-0.517355
0.125644
1.48253
-0.513387
-0.794989
1.40315
-0.937807
2.29394
2.34246
0.984498
3.2684
-0.333714
-0.326351
-0.464647
-1.21038
-0.145158
0.561117
2.5741
-0.947878
0.252655

   batch        P accept         n0 mean            +/-     n0 std dev          E mean            +/-      E std dev          P mean            +/-      P std dev
   total        0.499759         15.2216     0.00925789        13.0926         6859.97       0.276082        390.439        0.278395      0.0461559        65.2743

    mode      occupation             +/-         std dev
      -8         1.44623      0.00102674         1.45202
      -7         1.82207      0.00130214         1.84151
      -6         2.35427      0.00168062         2.37675
      -5         3.17989      0.00225099         3.18337
      -4         4.40566      0.00310419         4.38999
      -3         6.39192      0.00442457         6.25728
      -2         9.43868      0.00636398         9.00003
      -1         13.2453      0.00832217         11.7693
       0         15.2216      0.00925789         13.0926
       1         13.3788      0.00842337         11.9124
       2         9.48316      0.00634987         8.98007
       3         6.44744      0.00448531         6.34318
       4         4.39825      0.00309294         4.37407
       5         3.16247      0.00223406         3.15943
       6         2.35623      0.00167094         2.36306
       7         1.82591      0.00130088         1.83972
       8         1.44217      0.00102673         1.45202
