100
9
0.5
custom
1

0.999689
0.952174
0.871412
0.785515
0.703407
0.628329
0.56117
0.50178
0.449569
0.403788
0.36367
0.328489
0.297591
0.2704
0.246411
0.225194
0.206375
0.189637
0.174707

0.0574861
0.440752
-1.46857
0.814807
1.24644
-3.82126
-0.351046
0.214387
-0.678581
0.572606
-1.27491
-1.38018
1.37545
-1.84552
-1.28184
-0.317834
-0.329245
1.53333
1.33786
0.0253805
-0.674705
-0.257481
-1.00309
-1.4223
1.18881
-2.27383
-1.46447
-4.59391
0.6345
0.17412
4.85262
-1.97033
0.137926
1.0997
-0.805457
-0.2731
-0.77252
1.11896

   batch        P accept         n0 mean            +/-     n0 std dev          E mean            +/-      E std dev          P mean            +/-      P std dev
   total        0.500405         12.0881     0.00758066        10.7207         7446.14       0.329737        466.319        0.407484      0.0510623         72.213

    mode      occupation             +/-         std dev
      -9         1.48625      0.00105369         1.49014
      -8         1.82499      0.00129205         1.82724
      -7         2.26433      0.00159633         2.25755
      -6         2.87931       0.0020237         2.86194
      -5         3.74956      0.00263346         3.72428
      -4         5.01101      0.00351493         4.97087
      -3         6.70598      0.00461083          6.5207
      -2          9.0179      0.00593712         8.39636
      -1         11.0253      0.00707054         9.99925
       0         12.0881      0.00758066         10.7207
       1         10.9513      0.00705055         9.97098
       2         8.89433      0.00589051         8.33043
       3         6.80895      0.00463322         6.55235
       4         5.02295      0.00348801         4.93279
       5         3.78668      0.00267024         3.77629
       6          2.8894      0.00203803         2.88221
       7         2.28108       0.0016093         2.27589
       8         1.82819      0.00129622         1.83312
       9         1.48435      0.00105206         1.48783
