100
13
0.5
custom
1

0.998666
0.864627
0.690923
0.546257
0.434291
0.349068
0.284132
0.234234
0.195469
0.164973
0.1407
0.12114
0.105211
0.0920997
0.0812023
0.0720629
0.0643431
0.0577658
0.052119
0.0472357
0.0429982
0.0392943
0.03604
0.0331665
0.0306186
0.0283481
0.0263175

-1.53545
-0.0774415
0.242195
-1.13506
-1.44744
-2.12754
0.574895
-1.13467
0.0970979
2.13602
-1.0187
1.77917
0.868204
2.5121
-0.311244
0.162132
2.24396
1.26744
-0.583774
1.49618
-2.35771
0.990096
-0.248793
-0.645758
2.42288
0.361209
0.0533524
0.727863
0.312236
-0.692306
-0.383422
2.18843
-1.25513
-0.117957
0.668871
-1.53181
-1.99417
-1.65449
-0.423721
-0.603685
3.45568
2.29413
1.18654
-0.0659556
-1.86911
1.83687
1.36557
-1.00006
-1.49871
0.596653
-0.0975595
0.309795
-0.726224
0.758866

   batch        P accept         n0 mean            +/-     n0 std dev          E mean            +/-      E std dev          P mean            +/-      P std dev
   total        0.500262         6.47418        0.00426        6.02454         9687.58       0.510626        722.134       0.0596021      0.0681707        96.4078

    mode      occupation             +/-         std dev
     -13         1.46479      0.00102952         1.45596
     -12         1.65946      0.00116275         1.64438
     -11         1.89017      0.00132477         1.87351
     -10         2.16488      0.00151198         2.13826
      -9         2.47861      0.00172997         2.44654
      -8         2.85516      0.00197849         2.79801
      -7         3.31914      0.00229102         3.23999
      -6         3.79459      0.00259946         3.67618
      -5         4.36006      0.00295778         4.18293
      -4         4.94934      0.00333944         4.72269
      -3         5.51498      0.00367249         5.19369
      -2          6.0098      0.00397973         5.62819
      -1         6.30241      0.00415167         5.87135
       0         6.47418         0.00426         6.02454
       1         6.29043      0.00413588         5.84902
       2         6.01182      0.00397747         5.62499
       3         5.50341      0.00367358         5.19522
       4         4.95203      0.00332644          4.7043
       5          4.3595      0.00296242         4.18949
       6         3.82167      0.00261576         3.69924
       7         3.30127      0.00227682         3.21991
       8         2.86577      0.00198793         2.81136
       9         2.48394       0.0017298         2.44631
      10         2.16195      0.00150808         2.13274
      11         1.88755      0.00132612         1.87542
      12          1.6623      0.00116746         1.65104
      13          1.4608      0.00102954         1.45598
