100
15
0.5
custom
1

0.998666
0.864627
0.690923
0.546257
0.434291
0.349068
0.284132
0.234234
0.195469
0.164973
0.1407
0.12114
0.105211
0.0920997
0.0812023
0.0720629
0.0643431
0.0577658
0.052119
0.0472357
0.0429982
0.0392943
0.03604
0.0331665
0.0306186
0.0283481
0.0263175
0.0244857
0.0228437
0.0213682
0.0200226

0.462664
-0.883391
0.459824
0.541753
1.30839
-0.0683869
-1.8298
2.08784
0.688561
1.60107
1.07376
1.86627
-2.02344
-2.44915
1.84721
1.47908
-0.541278
-1.68605
-1.46218
1.65224
-0.308398
-0.0448691
-0.337729
0.177366
-1.48315
0.573075
0.176795
-1.05745
0.191866
-0.823309
1.02863
0.343111
0.789142
-0.308038
-0.273347
-0.0290943
1.36841
-1.96737
-0.525546
-1.48591
-0.114583
-0.192768
-2.16265
-0.698866
-0.773209
0.918249
-3.56211
6.98439e-05
-0.99942
1.77012
-0.196066
-1.24733
2.18227
-0.829537
1.84212
-1.37469
-0.702478
0.734277
-0.200727
1.77603
1.62471
0.451395

   batch        P accept         n0 mean            +/-     n0 std dev          E mean            +/-      E std dev          P mean            +/-      P std dev
   total        0.500115         5.33345     0.00353422        4.99815         11183.7       0.636817        900.595       -0.334878      0.0763036         107.91

    mode      occupation             +/-         std dev
     -15         1.38571      0.00097322         1.37634
     -14          1.5369      0.00107719         1.52337
     -13         1.70841      0.00119895         1.69556
     -12         1.91023      0.00133414         1.88675
     -11         2.13018       0.0014851         2.10025
     -10         2.38226      0.00165448         2.33979
      -9         2.66164      0.00184375         2.60746
      -8         2.98786      0.00205854         2.91121
      -7         3.32393      0.00227404         3.21597
      -6         3.70006      0.00251929         3.56281
      -5         4.07644      0.00275647         3.89824
      -4         4.45465      0.00299991         4.24252
      -3         4.81806      0.00322386         4.55922
      -2         5.03851      0.00335625         4.74646
      -1         5.23852      0.00347443         4.91359
       0         5.33345      0.00353422         4.99815
       1           5.251      0.00347239          4.9107
       2         5.03924      0.00335549         4.74538
       3         4.78868      0.00320144         4.52752
       4         4.44698      0.00300004         4.24269
       5         4.06929      0.00275617         3.89782
       6         3.71262      0.00252977         3.57764
       7         3.33829      0.00229512         3.24578
       8         2.96588      0.00204541         2.89264
       9         2.66324      0.00184062         2.60303
      10         2.38072      0.00165542         2.34111
      11         2.12821      0.00148559         2.10095
      12          1.9068      0.00133324         1.88548
      13         1.70958      0.00119708         1.69292
      14         1.53308      0.00107662         1.52257
      15         1.37957     0.000969508         1.37109
