100
6
0.5
custom
1

0.998666
0.864627
0.690923
0.546257
0.434291
0.349068
0.284132
0.234234
0.195469
0.164973
0.1407
0.12114
0.105211

1.66576
1.15606
0.799728
-0.289963
-3.36872
-2.82581
0.0419531
-3.48944
-2.03177
1.58318
-0.868116
-0.0147157
0.846416
0.308773
0.988928
-0.648787
1.06812
3.39636
-3.23291
0.0926836
-0.77029
5.30299
-0.805866
1.02788
0.636259
-0.303837

   batch        P accept         n0 mean            +/-     n0 std dev          E mean            +/-      E std dev          P mean            +/-      P std dev
   total        0.499498         27.1484      0.0143157        20.2455          5841.5       0.158089        223.572        0.446281        0.03569        50.4733

    mode      occupation             +/-         std dev
      -6         1.41958      0.00101289         1.43245
      -5         1.95029      0.00139722         1.97596
      -4         2.86222      0.00205331         2.90382
      -3         4.61898      0.00331171         4.68346
      -2         8.45077      0.00607035         8.58476
      -1         16.9805       0.0110496         15.6265
       0         27.1484       0.0143157         20.2455
       1         17.1602        0.011049         15.6257
       2          8.5415      0.00602588         8.52188
       3         4.61664      0.00331836         4.69287
       4         2.87006      0.00206344         2.91815
       5          1.9555      0.00139916         1.97871
       6         1.42537      0.00101722         1.43857
