interaction_coefficients
0.9982112068506407
0.8370519420696652
0.6427492991628748
0.490801764879137
0.37909446181325746
0.297597333331301
0.23761818372149113
0.19283459922182333
0.15885446694180927
0.13265344197128018
0.11213787435075576
0.09584195382825861
0.0827252446371745
0.07203844175387511
0.06323403735770307
0.0559063255617513
0.04975063316569128
0.04453525586391874
0.04008188350685939
0.0362517667202525
0.03293581575757208
0.0300474266520207
0.027517222411060402
0.025289155057799013
0.023317585845561234
0.021565076324214484
0.02000070141508432
0.01859874963809768
0.01733771319731729
0.016199497029621986
0.015168794674120387
0.01423259226379928
0.013379771676280405
