interaction_coefficients
0.9987554236761322
0.871461343534572
0.7034270593176957
0.5611799432933822
0.44957519184771183
0.3636737780597647
0.29759427940685074
0.24641356843306708
0.20637656386152206
0.17470794036585308
0.1493744341657002
0.1288844756205058
0.11213708259778658
0.09831257599882959
0.08679476439247953
0.07711572788970987
0.06891653215350703
0.06191910874389835
0.055905971296343455
0.050705455594788014
0.04618088217850663
0.04222252557326476
0.03874160854924138
0.03566576961995597
0.032935615897164275
0.030502076075340397
0.028324353751822847
0.026368331210912258
0.024605318100008957
0.023011059531260696
0.021564948414801336
