interaction_coefficients
0.999688929837656
0.9521743228948801
0.8714118772055092
0.7855154125926209
0.703406913037215
0.628328934330356
0.561169895564831
0.5017803764220903
0.4495692557262503
0.40378842901873935
0.3636698475747691
0.3284890609024389
0.2975914702895839
0.2703996603683256
0.24641146143173853
0.22519379258279063
0.20637493910232552
0.18963664555916462
0.17470666782116676
0.16135208567700868
0.14937342708906357
0.1385996163971431
0.12888366579799448
0.12009900891238635
0.11213641726362926
0.10490140015098753
0.09831201009609276
0.09229699947073712
0.08679426601185737
0.08174953944835538
0.0771152763312478
0.07284972148560014
0.06891611683316311
0.0652820188090567
0.061918729620451245
0.05880080460069663
0.05590563175530765
0.05321307443663432
0.050705159187897066
0.04836581145103342
0.046180627768435754
0.04413667204114462
0.04222230829041475
0.04042704735391247
0.03874141886402303
0.0371568560284434
0.03566559671854311
0.03426059647933518
0.03293545079694274
0.031684328623421305
0.03050191260489834
