100
10
0.5
contact

0.0402097
-1.13162
-0.835257
-1.1174
0.44885
1.27944
0.353259
-1.32983
0.811367
-2.75917
-3.01862
0.384971
2.60124
0.520285
-1.2688
1.39902
0.124659
0.940675
0.842473
0.642492
-0.941255
0.978607
-0.547242
0.267116
0.322403
0.344721
-1.96939
0.547958
-2.53372
-0.652596
-5.59449
0.00828074
0.753819
-0.614728
3.32447
-0.958904
0.249527
1.30282
-0.100024
1.00948
-0.0610889
-1.55274

   batch        P accept         n0 mean            +/-     n0 std dev          E mean            +/-      E std dev          P mean            +/-      P std dev
   total        0.499704          11.431     0.00717003          10.14         8308.04       0.434832        614.946       -0.740907      0.0558134         78.932
