100
12
0.5
contact

-1.00748
-0.674931
0.0909886
1.12717
-0.463988
1.06869
-1.94902
1.87329
0.268131
1.63999
-0.736727
0.545377
0.723937
1.11116
0.473166
-1.29687
-0.461669
2.1964
-1.81031
-1.60233
2.03605
0.494892
-1.29945
-1.3876
0.772959
0.29299
-0.238838
0.283168
0.979106
-0.587551
1.34791
2.96539
-2.15408
1.02285
-1.4223
-1.36018
-4.62084
-1.29954
-2.20398
0.502623
0.890328
-1.32652
-0.711397
-2.52985
1.00968
0.487135
-1.03646
0.433879
0.0844966
0.0512834

   batch        P accept         n0 mean            +/-     n0 std dev          E mean            +/-      E std dev          P mean            +/-      P std dev
   total         0.50027         8.15784     0.00529412        7.48701         9937.88       0.571707        808.516       -0.568503      0.0646717        91.4596
