100
13
0.5
contact

-0.361793
1.28976
-0.871636
-0.585211
0.0480649
1.10749
1.53749
1.49588
-0.331811
-0.455416
-1.31722
0.689844
-2.24534
1.24528
-0.0775404
4.269
-0.88446
-1.05572
0.785811
2.41779
-1.3963
0.984977
0.137188
0.799763
-1.42627
-0.0525499
-1.20336
-0.596178
1.55546
0.892199
-0.752228
-0.713867
0.0472308
-0.832385
2.11783
0.343793
-0.292526
1.63188
1.85817
2.13442
4.285
1.16753
-1.94376
-0.0243408
1.10406
-0.950049
-0.162187
0.329644
0.429907
-0.735118
0.674079
0.765379
0.362496
-0.37422

   batch        P accept         n0 mean            +/-     n0 std dev          E mean            +/-      E std dev          P mean            +/-      P std dev
   total        0.499812         7.18874     0.00470765        6.65762         10820.9       0.640516        905.826        0.381524      0.0689125        97.4569
