100
14
0.5
contact

-1.29034
0.510037
0.0172338
0.474593
1.41855
2.15519
1.60664
0.316739
1.07234
-2.3161
0.877364
1.18999
-0.414341
1.68963
2.272
-0.504533
1.34674
-2.96984
-2.12133
0.610549
-1.52329
0.941528
-1.76403
-0.325146
-1.85524
-0.0440253
-0.842791
0.618277
0.149736
-0.540063
0.256936
-0.110482
-0.817938
1.22807
0.513864
-0.167102
-0.94489
-1.0059
-1.70573
0.826716
0.487699
-3.82783
0.092825
1.89848
-1.45521
1.73069
-1.0594
0.772656
1.56684
-0.583572
0.88942
1.98752
1.55406
-0.291525
0.490007
-0.830767
-0.460086
0.16443

   batch        P accept         n0 mean            +/-     n0 std dev          E mean            +/-      E std dev          P mean            +/-      P std dev
   total        0.499871         6.36972     0.00421566        5.96185         11743.1       0.711044        1005.57         0.36452      0.0731159        103.402
