100
15
0.5
contact

-1.44073
0.262429
-1.24924
0.537586
-0.0499446
0.717277
1.62664
1.23514
-0.502186
1.10863
0.514731
-0.677159
-1.12811
-0.805978
0.0992297
2.97433
-3.18954
1.8079
-0.684092
-1.03882
0.360039
0.112269
-1.49161
-1.41235
0.781878
-0.555776
-0.487974
2.05073
0.859922
-1.30305
-0.848586
-0.983539
-0.327955
-0.505369
1.22928
0.126383
-1.34853
0.967267
-0.834993
0.930002
1.58676
3.12856
2.13093
1.1546
1.72897
0.110161
-2.8704
-1.17169
0.424028
0.42967
-0.683887
-0.374237
-0.1629
-1.56882
1.17674
1.62595
-0.849626
-0.278219
-1.23237
0.316883
-1.2155
-1.05398

   batch        P accept         n0 mean            +/-     n0 std dev          E mean            +/-      E std dev          P mean            +/-      P std dev
   total        0.500056          5.6922     0.00377594        5.33999         12724.6       0.786836        1112.75        0.335421      0.0769755         108.86
