100
17
0.5
contact

0.36996
-0.338883
-0.228506
-0.0326713
1.17048
1.65875
0.333242
0.0754748
0.883758
0.289942
-0.0465892
-1.58527
-0.527453
-1.88449
-1.26576
-1.41165
-1.6616
-0.763577
-1.79439
-0.882326
-0.697703
0.34677
-0.254234
3.43692
0.369092
0.942789
-0.556178
0.46392
-0.170611
-0.120871
-0.78684
-1.38611
1.42374
-0.00647849
0.852445
-0.233748
0.771615
1.30239
-1.24047
1.21224
0.295719
0.12616
-0.00399306
-0.463559
-0.843967
2.08173
0.722956
-0.829585
-1.2047
-0.41116
-5.4158
-0.340041
1.42618
0.389291
-1.54209
-0.61538
-0.120933
0.245324
-1.25586
-1.29771
-0.0833932
-0.690939
0.847271
0.322317
-0.290472
-0.513167
-0.279771
1.3907
0.692885
1.58653

   batch        P accept         n0 mean            +/-     n0 std dev          E mean            +/-      E std dev          P mean            +/-      P std dev
   total        0.499904         4.70174     0.00313149         4.4286         14817.6       0.938119         1326.7        0.386442      0.0846225        119.674
