100
19
0.5
contact

1.51176
-0.847452
0.840642
1.1387
0.489044
-1.01601
-1.65425
0.530789
0.475703
1.32355
0.377214
1.43643
-0.110708
-0.25145
1.1929
0.848265
-1.92161
-1.27925
0.486036
0.900206
1.45975
-1.04955
-0.696483
0.608576
1.42889
-0.305852
1.38478
-0.864264
-1.33531
0.351692
1.97615
-0.299925
1.07113
-0.551766
1.68434
-0.943144
1.20826
-0.369022
-0.107225
0.664714
0.110767
0.133195
-0.426807
1.22148
1.0843
-1.14796
-0.60298
-0.253022
-2.3623
-2.21512
1.19595
-0.37694
0.101149
0.792718
0.983291
0.42579
-0.74929
2.41748
-0.425221
1.49873
1.49368
-0.849472
-1.01478
-1.68041
1.40144
3.53268
0.34436
1.98935
0.466822
0.775898
-0.0648231
-1.16185
0.241893
0.80664
0.0872142
-0.554603
0.230976
-0.162534

   batch        P accept         n0 mean            +/-     n0 std dev          E mean            +/-      E std dev          P mean            +/-      P std dev
   total        0.499812          4.0104     0.00269588        3.81254         17115.6        1.09809        1552.93       -0.312306      0.0921771        130.358
