100
21
0.5
contact

1.05814
-1.17685
0.0748883
0.489122
-0.852789
-0.364998
0.793738
0.920519
0.0936338
-0.617572
-0.382108
-0.147556
1.04723
3.24211
0.445455
-0.194061
-0.0694549
1.13384
0.823899
-1.61939
1.72482
-1.07259
-0.86373
-2.77939
0.211318
-2.45094
0.0316202
2.11696
1.09057
1.14592
-0.289846
-0.0717274
0.246281
-0.0460195
-0.228629
1.47779
-0.794093
1.27794
0.760709
-0.373127
0.120725
-0.464878
1.2297
-1.27954
1.81069
0.280221
0.699734
-0.485244
-0.247576
-0.880025
-0.213438
-0.930274
-0.343411
1.49959
-1.42448
-0.573796
-0.318622
0.951577
1.33584
-0.337883
-0.209266
-0.0907489
0.407962
-0.868737
-0.528857
-0.373675
0.870706
1.35128
3.54291
-0.110231
1.76041
1.197
-0.897657
-0.462121
0.834078
-0.462648
0.0886333
1.34241
1.32878
0.34146
1.22055
0.16167
0.58695
1.01311
-0.628079
-0.318032

Final quantities:
3.51796
3.373
19631