100
22
0.5
contact

-0.164427
0.735431
0.637912
0.0536286
-0.361112
0.0083851
-0.676896
1.55918
-0.74051
0.552923
-0.283956
2.54892
-1.55072
-0.403288
-0.0421749
-0.864938
0.60577
-0.196808
1.57181
1.2286
0.580596
1.92213
0.458703
-0.322867
-0.265087
-1.50091
0.0815011
2.11535
-0.836975
0.531801
1.29408
-1.39818
-1.01187
2.05194
0.0333916
-0.361079
0.614347
0.745766
-0.221185
0.053632
0.395082
-0.94214
-0.240782
-0.823703
0.837413
-0.00406777
-0.658124
0.55989
0.425373
-0.510715
1.62648
-1.23469
0.887551
0.383442
1.17767
0.0347761
1.96475
1.57926
-0.44084
0.405217
-3.3241
0.126055
1.26025
0.621367
0.393952
0.677541
-0.182997
0.193572
0.0612021
-0.115294
0.0870502
-0.320146
0.107832
-1.72563
2.84615
-0.997412
1.47507
0.511567
-1.58367
2.53526
-0.284731
-0.0596143
0.647618
0.0688596
1.05212
-0.738497
-0.799873
-0.352343
0.867932
-0.942951

   batch        P accept         n0 mean            +/-     n0 std dev          E mean            +/-      E std dev          P mean            +/-      P std dev
   total        0.499999         3.29161     0.00223263        3.15741         20951.8        1.35519        1916.53       -0.165796       0.102509        144.969
