100
24
0.5
contact

0.33229
-0.131282
0.809072
0.449722
1.50547
-0.680015
-0.735077
0.727131
-0.434291
1.52286
0.177501
0.344075
-0.404942
1.8178
1.31639
0.867839
-1.05248
-1.60117
0.34608
0.176759
0.374822
0.00461678
-1.29834
1.94133
-0.228988
-0.0140793
1.46403
2.21136
0.529
-0.626801
0.346492
0.0778784
-0.498741
0.279178
-2.31932
-1.00945
-0.64201
-1.84264
0.739726
-0.251578
0.634333
-0.511297
0.35067
-2.14314
0.472942
-0.276318
0.843576
-0.386425
-0.269486
0.0960207
0.0701423
-0.436344
0.143456
-0.114278
-0.952143
0.337579
-0.983711
-0.95158
-1.03857
-1.66885
-1.47066
-1.04532
0.85543
0.129699
1.11804
-3.10568
-1.05895
1.07526
-0.0771344
0.91199
0.308529
-0.761668
2.21608
0.734715
-1.14856
-1.44121
-0.596012
-1.16408
0.697088
-0.744779
-2.13132
0.608824
-0.110952
0.0318401
-0.261503
0.537147
-1.12425
-0.328955
1.40422
0.0726273
0.302111
-0.0531249
1.18895
-0.64707
-0.336455
-0.201513
0.526476
-1.8092

   batch        P accept         n0 mean            +/-     n0 std dev          E mean            +/-      E std dev          P mean            +/-      P std dev
   total        0.500462         2.91855     0.00197801        2.79732         23777.3        1.53798        2175.03       -0.577741       0.108886        153.988
