100
25
0.5
contact

0.173883
0.809834
-0.261866
0.591897
0.575021
-1.96345
0.619978
-0.533422
-0.441013
-0.717738
0.385102
-0.684986
0.0865485
1.36889
0.970293
1.22181
1.2754
-0.0111706
0.608871
1.37158
1.52785
-0.351842
-0.296798
2.31385
0.535174
-1.15146
-2.22187
1.95319
0.212048
0.707221
1.50835
-1.23429
-0.259632
0.445993
-2.22241
-0.739775
-0.102291
-1.74394
-1.0927
-0.675975
1.29937
1.58056
0.560477
0.336124
0.537377
0.442531
0.358048
-0.356522
0.00875666
-1.03519
1.49315
0.628562
-0.479422
-0.593378
0.138957
-0.363582
-1.28341
0.211282
-0.603539
-2.14143
1.7361
0.306932
-0.998082
-1.0097
-1.3903
0.376672
-0.985653
0.27511
-1.5584
-0.942212
0.652584
0.418837
-0.51493
-0.756403
0.732481
0.637005
-0.00568317
0.90264
0.531788
0.932373
-0.380131
-1.87596
-2.26801
-0.979787
-0.000189033
0.947334
0.217686
0.544812
-0.0539395
-1.34265
-0.630262
-0.676245
1.22596
-0.587775
-0.138783
0.159298
-0.573696
-1.08913
0.617169
-0.582796
-1.00585
0.55716

   batch        P accept         n0 mean            +/-     n0 std dev          E mean            +/-      E std dev          P mean            +/-      P std dev
   total        0.499424         2.77012     0.00188223        2.66188           25282        1.63554           2313       0.0153431       0.112109        158.545
