100
12
-0.0287551
custom
1

0.999689
0.952174
0.871412
0.785515
0.703407
0.628329
0.56117
0.50178
0.449569
0.403788
0.36367
0.328489
0.297591
0.2704
0.246411
0.225194
0.206375
0.189637
0.174707
0.161352
0.149373
0.1386
0.128884
0.120099
0.112136

-0.175713
0.0613603
-0.154388
0.278976
0.146203
-0.0448964
0.450407
-1.05664
1.86722
-2.57198
3.35098
-3.8336
3.32668
-2.63424
1.80938
-0.952705
0.211881
0.294014
-0.396995
0.279886
-0.511337
0.43176
-0.214345
0.0975366
-0.0968333
0.0690527
-0.0929257
0.329187
-0.331745
0.526524
-0.646822
0.998169
-1.26166
0.964688
-0.817229
0.0236514
1.09808
-1.7638
2.57737
-2.59517
2.8525
-2.18959
1.46597
-0.8933
0.693323
-0.42925
0.251952
0.00627727
-0.0754617
0.0698562

   batch        P accept         n0 mean            +/-     n0 std dev          E mean            +/-      E std dev          P mean            +/-      P std dev
   total        0.497772         15.2691     0.00313618        1.13541        -1423.46      0.0229792        8.31931       0.0906908      0.0255535        9.25131
