100
7
-0.0142866
custom
1

0.999689
0.952174
0.871412
0.785515
0.703407
0.628329
0.56117
0.50178
0.449569
0.403788
0.36367
0.328489
0.297591
0.2704
0.246411

-0.150681
-0.0745802
0.455174
-0.62831
-1.75391
1.18683
4.04681
-2.78006
-3.5075
2.14027
1.93636
-0.73248
-0.646681
0.269309
0.295434
-0.12615
-0.390154
0.348948
1.2297
-0.633899
-2.72337
2.47466
4.4816
-2.51851
-2.24429
1.06423
0.617726
-0.366007
-0.402355
0.115134

   batch        P accept         n0 mean            +/-     n0 std dev          E mean            +/-      E std dev          P mean            +/-      P std dev
   total        0.499941         24.8361     0.00166712        2.35766        -447.235     0.00450707        6.37395      -0.0479022     0.00648437        9.17028
