100
11
-0.0590516
custom

0.997977
0.823847
0.620834
0.466594
0.355799
0.276461
0.218943
0.17652
0.14465
0.120276
0.10132
0.086347
0.0743516
0.0646171
0.0566241
0.0499908
0.044432
0.0397324
0.0357267
0.0322872
0.0293135
0.0267268
0.0244629

-0.0168443
0.155152
0.350355
0.341388
0.651848
0.809521
0.528284
-0.00765818
-1.33815
-2.62913
-3.73631
-3.80489
-3.23273
-2.13714
-0.718056
0.271209
0.733351
0.820672
0.692217
0.406486
0.419997
0.0766931
0.148312
-0.0216313
-0.228395
-0.195034
0.0172293
0.0400283
0.727748
1.47774
2.21703
2.37808
2.08202
1.34902
-0.270846
-1.75287
-2.52444
-2.56748
-2.23174
-1.4839
-0.842543
-0.0930619
-0.0569197
0.0660216
0.109305
0.0856094

   batch        P accept         n0 mean            +/-     n0 std dev          E mean            +/-      E std dev          P mean            +/-      P std dev
   total        0.501534         15.4859     0.00268769       0.973043           -2343      0.0225383        8.15969       0.0946079       0.025898        9.37606
