100
13
-0.082147
custom

0.997977
0.823847
0.620834
0.466594
0.355799
0.276461
0.218943
0.17652
0.14465
0.120276
0.10132
0.086347
0.0743516
0.0646171
0.0566241
0.0499908
0.044432
0.0397324
0.0357267
0.0322872
0.0293135
0.0267268
0.0244629
0.0224714
0.0207107
0.0191469
0.0177519

0.197384
-0.053372
-0.308027
-0.304782
-0.380738
-0.0390567
0.860609
1.44903
1.07636
-0.716585
-2.46415
-2.86465
-1.04051
1.81568
3.29216
2.57662
0.299981
-1.63599
-1.93853
-1.01628
-0.0531144
0.644437
0.560173
0.0791518
0.00910479
-0.1034
-0.0198798
0.0486349
0.175686
0.124988
-0.144799
-0.425649
-0.731378
-0.563957
0.268322
1.62183
2.38845
1.12451
-1.26269
-3.26914
-3.20658
-0.698269
1.86217
2.76757
1.71651
-0.0606418
-1.09106
-0.998793
-0.485865
0.211211
0.444485
0.303456
0.0880107
0.00164779

   batch        P accept         n0 mean            +/-     n0 std dev          E mean            +/-      E std dev          P mean            +/-      P std dev
   total        0.499779         13.1942     0.00200328       0.725261        -3605.83      0.0242033         8.7625       -0.333551      0.0253824        9.18939
