100
7
-0.0276272
custom

0.997977
0.823847
0.620834
0.466594
0.355799
0.276461
0.218943
0.17652
0.14465
0.120276
0.10132
0.086347
0.0743516
0.0646171
0.0566241

-0.138694
0.188116
-0.494153
0.351891
0.583345
-2.5812
4.44688
-4.37265
2.21509
0.216215
-1.26371
1.50377
-0.844126
0.190425
-0.11302
-0.312581
-0.00488178
0.326136
-1.13647
2.31731
-2.23694
0.473377
2.28808
-3.57597
3.09782
-1.91224
0.708084
0.452816
-0.173163
0.0208047

   batch        P accept         n0 mean            +/-     n0 std dev          E mean            +/-      E std dev          P mean            +/-      P std dev
   total        0.499878         23.0647     0.00504863        1.82779        -823.879      0.0177177        6.41447        0.250216      0.0252592        9.14479
