100
10
-0.0504037
custom

0.997977
0.823847
0.620834
0.466594
0.355799
0.276461
0.218943
0.17652
0.14465
0.120276
0.10132
0.086347
0.0743516
0.0646171
0.0566241
0.0499908
0.044432
0.0397324
0.0357267
0.0322872
0.0293135

0.0124176
-0.346218
0.336957
-0.63166
0.784016
-1.34568
1.83429
-2.74175
3.29956
-3.60723
4.36336
-3.86109
3.42083
-2.58186
2.05516
-1.23627
0.921132
-0.570235
0.47184
-0.258893
0.0944262
-0.0471089
0.0914234
-0.180682
0.223858
-0.13689
0.465442
-0.463018
0.506436
-0.919313
0.740969
-0.435333
0.219313
0.00988124
0.0101101
0.204602
-0.147734
-0.0314794
-0.202421
0.112578
-0.266674
0.0252514

   batch        P accept         n0 mean            +/-     n0 std dev          E mean            +/-      E std dev          P mean            +/-      P std dev
   total        0.499443         16.8148     0.00306531        1.10976        -1896.69      0.0210852        7.63362       -0.192257      0.0249753          9.042
