100
10
0.5
custom
1

0.999689
0.952174
0.871412
0.785515
0.703407
0.628329
0.56117
0.50178
0.449569
0.403788
0.36367
0.328489
0.297591
0.2704
0.246411
0.225194
0.206375
0.189637
0.174707
0.161352
0.149373

-0.472017
-0.139137
-1.76806
-0.709985
-1.55005
0.770598
-1.33633
-0.370385
0.594348
-0.838668
-0.167068
1.75101
4.0132
0.0760263
0.927842
-2.45959
-2.0114
-1.19445
1.30005
0.498193
1.07913
0.303222
-0.746328
0.682778
-0.106559
0.973199
2.05128
3.50409
-3.18222
0.645548
2.38227
2.50977
1.10817
-1.86232
2.43437
-1.01882
-0.42264
0.296206
-1.46996
-0.453042
0.172152
0.24617

   batch        P accept         n0 mean            +/-     n0 std dev          E mean            +/-      E std dev          P mean            +/-      P std dev
   total        0.500064         10.0086     0.00635296        8.98444         8062.59       0.380226         537.72       0.0119939      0.0556263        78.6675

    mode      occupation             +/-         std dev
     -10         1.49936       0.0010617         1.50147
      -9         1.78925      0.00126301         1.78617
      -8         2.17416      0.00153042         2.16434
      -7         2.65306      0.00186731         2.64077
      -6         3.27466      0.00229262         3.24225
      -5         4.17604      0.00291046         4.11601
      -4         5.29478      0.00362197         5.12223
      -3         6.64602       0.0044883         6.34741
      -2         8.13666      0.00536402         7.58587
      -1         9.29912      0.00600011         8.48544
       0         10.0086      0.00635296         8.98444
       1         9.45067      0.00606034         8.57062
       2            8.09      0.00533907         7.55059
       3         6.68429      0.00451121         6.37981
       4         5.25638      0.00360625         5.10001
       5         4.16141      0.00290659         4.11054
       6         3.29905      0.00230814          3.2642
       7         2.65303      0.00186755         2.64112
       8         2.16787      0.00153272          2.1676
       9         1.78905      0.00126259         1.78557
      10         1.49654      0.00105632         1.49386
