100
11
0.5
custom
1

0.999689
0.952174
0.871412
0.785515
0.703407
0.628329
0.56117
0.50178
0.449569
0.403788
0.36367
0.328489
0.297591
0.2704
0.246411
0.225194
0.206375
0.189637
0.174707
0.161352
0.149373
0.1386
0.128884

0.827118
0.900867
0.958983
0.280442
0.691928
-0.808427
1.10876
-1.58538
0.922322
2.1906
0.976261
1.90374
-1.43709
1.36251
-3.02128
0.377314
3.74427
0.992603
-2.26385
-0.0228984
-1.27771
-1.1938
-0.427848
-1.87731
0.304269
-0.229478
-2.48304
-0.979873
-0.593429
-3.21918
1.09045
-1.64792
0.686789
2.78359
-0.790659
-0.958188
-1.17705
1.34685
-0.820782
-1.30326
-1.85899
0.0660581
0.802386
-0.579989
-0.43485
0.679159

   batch        P accept         n0 mean            +/-     n0 std dev          E mean            +/-      E std dev          P mean            +/-      P std dev
   total        0.500359         8.52364     0.00551032        7.79276         8721.62       0.435275        615.571        0.221716      0.0596607        84.3729

    mode      occupation             +/-         std dev
     -11         1.49741      0.00105599         1.49339
     -10         1.75084      0.00123439         1.74569
      -9         2.06711      0.00145673         2.06013
      -8         2.46057      0.00173022          2.4469
      -7         2.95222      0.00205924          2.9122
      -6         3.55465      0.00246146         3.48103
      -5         4.35858      0.00301298           4.261
      -4         5.30698       0.0036174         5.11577
      -3         6.31699      0.00424672         6.00576
      -2         7.28176      0.00480173         6.79067
      -1         8.12433      0.00528298         7.47126
       0         8.52364      0.00551032         7.79276
       1         8.15148      0.00530555         7.50318
       2         7.36779      0.00482612         6.82516
       3         6.34281      0.00425109         6.01195
       4         5.27727      0.00360628         5.10005
       5         4.38771      0.00301708         4.26679
       6         3.56885      0.00248888          3.5198
       7         2.94349       0.0020617         2.91569
       8         2.45997      0.00173236         2.44992
       9          2.0694      0.00145797         2.06188
      10          1.7392      0.00122774         1.73629
      11         1.49694      0.00105531         1.49244
