100
12
0.5
custom
1

0.999689
0.952174
0.871412
0.785515
0.703407
0.628329
0.56117
0.50178
0.449569
0.403788
0.36367
0.328489
0.297591
0.2704
0.246411
0.225194
0.206375
0.189637
0.174707
0.161352
0.149373
0.1386
0.128884
0.120099
0.112136

1.17727
0.209006
-0.905419
-1.06969
-2.49903
-0.0176679
0.604075
-0.0659286
1.41786
-2.84024
0.360143
-2.00762
0.436526
0.845639
2.63633
0.673775
0.336747
-0.794811
-1.5434
2.66366
0.00973448
-0.689599
0.810648
-0.371071
-1.02828
0.175426
1.12999
0.507017
1.02466
0.0152665
0.295294
-0.355365
-1.18769
0.306043
-4.15577
0.211626
1.60412
-1.22389
-2.98662
-1.99196
-2.84691
0.124311
-0.684958
-1.29995
-1.68708
-0.174211
0.890083
1.1708
0.983866
0.0185196

   batch        P accept         n0 mean            +/-     n0 std dev          E mean            +/-      E std dev          P mean            +/-      P std dev
   total        0.500208          7.3465     0.00481053        6.80311         9415.24       0.491116        694.543        -0.15861      0.0643824        91.0504

    mode      occupation             +/-         std dev
     -12         1.47294      0.00103556          1.4645
     -11         1.69835      0.00119484         1.68976
     -10         1.96435       0.0013821         1.95459
      -9         2.28858      0.00159877           2.261
      -8         2.68209      0.00187638         2.65361
      -7         3.16225      0.00220007         3.11137
      -6         3.75007      0.00259778         3.67381
      -5         4.42863      0.00304579          4.3074
      -4          5.1391      0.00349518         4.94293
      -3         5.95447      0.00399152         5.64487
      -2         6.63777       0.0044088         6.23499
      -1         7.15425      0.00470796         6.65806
       0          7.3465      0.00481053         6.80311
       1         7.15918      0.00469026         6.63302
       2         6.66286      0.00443149         6.26707
       3         5.94418      0.00399648         5.65188
       4         5.13368      0.00348396         4.92706
       5         4.41084      0.00301662         4.26615
       6         3.74861      0.00258888         3.66122
       7         3.15744      0.00219815         3.10865
       8         2.68496       0.0018715          2.6467
       9         2.28558      0.00160183         2.26532
      10         1.96571      0.00138035         1.95211
      11         1.69331      0.00119516         1.69021
      12         1.47429      0.00104082         1.47194
