100
13
0.5
custom
1

0.999689
0.952174
0.871412
0.785515
0.703407
0.628329
0.56117
0.50178
0.449569
0.403788
0.36367
0.328489
0.297591
0.2704
0.246411
0.225194
0.206375
0.189637
0.174707
0.161352
0.149373
0.1386
0.128884
0.120099
0.112136
0.104901
0.098312

-0.859666
-1.70948
-1.07728
1.05024
0.105779
0.37512
0.206981
-1.796
0.170158
1.00079
0.321626
-1.25839
1.76394
-0.646164
1.48525
-2.12106
0.225229
0.215118
-0.538174
-3.35031
1.71696
0.188119
-1.69482
0.788136
-0.843654
0.900948
0.318495
-0.451924
-0.43725
-0.463657
-0.138708
-0.362619
0.434289
1.74156
2.0034
-1.37668
-4.5372
0.663205
-0.808139
-1.58866
-1.47876
-2.06037
-1.27605
1.3848
-2.74506
0.0355198
0.54667
1.47789
0.432403
1.20847
-0.830405
0.61514
1.08522
-0.0725739

   batch        P accept         n0 mean            +/-     n0 std dev          E mean            +/-      E std dev          P mean            +/-      P std dev
   total        0.500397         6.51285     0.00427683        6.04836           10145       0.549403        776.973       -0.195451      0.0683717        96.6922

    mode      occupation             +/-         std dev
     -13         1.44654       0.0010205          1.4432
     -12         1.64594      0.00115734         1.63672
     -11         1.87033      0.00131499         1.85967
     -10         2.14104      0.00149919         2.12018
      -9         2.45651      0.00171612         2.42696
      -8         2.84215      0.00196881         2.78432
      -7         3.28816      0.00227672         3.21977
      -6         3.77203      0.00259096         3.66417
      -5         4.33023      0.00296136         4.18799
      -4         4.96101      0.00335807         4.74903
      -3         5.52153      0.00370708         5.24261
      -2         6.05923      0.00402768           5.696
      -1         6.42186      0.00423555         5.98997
       0         6.51285      0.00427683         6.04836
       1         6.40628      0.00422015          5.9682
       2         6.06751      0.00402238          5.6885
       3         5.55099      0.00372709          5.2709
       4         4.94812      0.00335988         4.75159
       5         4.31851       0.0029523         4.17517
       6         3.76895      0.00259018         3.66307
       7          3.2718       0.0022736         3.21536
       8          2.8348      0.00197991         2.80002
       9         2.46413      0.00172124          2.4342
      10         2.13679      0.00149721         2.11737
      11         1.87681      0.00131525         1.86004
      12         1.64058      0.00115681         1.63598
      13         1.44532      0.00101616         1.43707
