100
14
0.5
custom
1

0.999689
0.952174
0.871412
0.785515
0.703407
0.628329
0.56117
0.50178
0.449569
0.403788
0.36367
0.328489
0.297591
0.2704
0.246411
0.225194
0.206375
0.189637
0.174707
0.161352
0.149373
0.1386
0.128884
0.120099
0.112136
0.104901
0.098312
0.092297
0.0867943

0.680095
0.108497
-1.00947
0.243925
0.22151
0.875819
1.39657
-0.162885
1.89241
-1.38287
1.05084
1.02106
0.82576
-0.608049
-0.260599
-2.32238
-1.1943
-0.812545
-1.64126
-2.59888
1.80001
1.19516
0.152084
-0.278516
-1.15737
-0.532291
-0.83343
-0.153277
-0.105648
-1.47099
-0.83947
1.4262
0.583155
0.914274
0.794197
2.19778
0.365542
-1.65175
-1.28163
2.27827
1.65567
-2.82386
2.21266
0.574226
0.825046
0.18213
-1.60814
2.88344
-2.19057
-0.645786
1.04804
1.30127
-0.243465
1.08465
-0.411407
0.483771
0.0450592
-2.09925

   batch        P accept         n0 mean            +/-     n0 std dev          E mean            +/-      E std dev          P mean            +/-      P std dev
   total        0.499748          5.8625     0.00388448        5.49348         10918.3       0.609192        861.527       -0.105996      0.0726086        102.684

    mode      occupation             +/-         std dev
     -14         1.41892     0.000999306         1.41323
     -13         1.58438       0.0011104         1.57035
     -12         1.78416      0.00125272         1.77161
     -11         2.00985      0.00140759         1.99064
     -10         2.28491      0.00159209         2.25155
      -9         2.58375      0.00180138         2.54753
      -8         2.93135      0.00202755         2.86738
      -7         3.31859      0.00228193         3.22713
      -6         3.77502       0.0025925         3.66635
      -5         4.23176      0.00287658          4.0681
      -4         4.68346      0.00316528         4.47638
      -3         5.16859      0.00347286         4.91137
      -2         5.55014        0.003696         5.22693
      -1         5.76574      0.00383124         5.41819
       0          5.8625      0.00388448         5.49348
       1         5.76217      0.00382078          5.4034
       2         5.49007      0.00364948         5.16115
       3         5.18381      0.00347067         4.90826
       4         4.69323      0.00317299         4.48728
       5         4.22702      0.00288121         4.07465
       6         3.76675      0.00257721         3.64473
       7         3.33257       0.0023005         3.25339
       8         2.94123      0.00203779         2.88187
       9         2.58134      0.00179259          2.5351
      10         2.27328      0.00159089         2.24985
      11         2.01573      0.00141027         1.99442
      12         1.77862      0.00124796         1.76489
      13         1.58349      0.00111163         1.57209
      14         1.41756     0.000998452         1.41202
