100
15
0.5
custom
1

0.999689
0.952174
0.871412
0.785515
0.703407
0.628329
0.56117
0.50178
0.449569
0.403788
0.36367
0.328489
0.297591
0.2704
0.246411
0.225194
0.206375
0.189637
0.174707
0.161352
0.149373
0.1386
0.128884
0.120099
0.112136
0.104901
0.098312
0.092297
0.0867943
0.0817495
0.0771153

1.54814
-0.111202
1.3036
1.25491
0.730947
-1.29679
0.0952565
0.722958
-0.0670725
0.0342004
1.48379
0.454532
0.878004
-0.858829
1.47114
1.341
1.97391
2.11628
0.932067
1.17954
1.97662
1.4359
-0.825124
0.791195
-1.65256
-0.190203
0.208514
-0.340108
-0.0636788
0.72218
0.410988
0.121415
1.09378
0.192648
1.00174
-0.811483
0.901383
1.45578
-1.81297
0.930498
0.575355
0.338357
1.96443
2.45119
-1.88132
-2.03404
0.398819
-2.54042
-1.96394
3.36733
-1.06313
-0.698282
1.15328
-1.17254
-0.92121
-0.68348
0.41431
1.56174
-0.467099
-1.84934
-0.675758
-0.125051

   batch        P accept         n0 mean            +/-     n0 std dev          E mean            +/-      E std dev          P mean            +/-      P std dev
   total        0.499897         5.32084     0.00354235        5.00963         11736.7       0.674827         954.35       0.0947899      0.0765366        108.239

    mode      occupation             +/-         std dev
     -15          1.3832     0.000972492         1.37531
     -14         1.53202      0.00107639         1.52224
     -13         1.70816      0.00120096         1.69842
     -12         1.90572      0.00133371         1.88615
     -11         2.12041      0.00147903         2.09166
     -10         2.36929      0.00164757         2.33002
      -9         2.66066      0.00184816         2.61369
      -8         2.98016      0.00205564         2.90711
      -7         3.32096      0.00228723         3.23463
      -6         3.68989      0.00252033         3.56428
      -5         4.08075      0.00277059          3.9182
      -4          4.4586      0.00301207         4.25971
      -3         4.77026       0.0032036         4.53058
      -2         5.10313      0.00340012          4.8085
      -1         5.26697      0.00350348         4.95466
       0         5.32084      0.00354235         5.00963
       1         5.25678       0.0035065         4.95894
       2         5.04474      0.00337348         4.77082
       3         4.80547      0.00322099         4.55516
       4         4.45621      0.00299769         4.23938
       5         4.07449      0.00276876         3.91561
       6         3.69814      0.00252067         3.56476
       7         3.33314      0.00229408         3.24431
       8         2.98058      0.00205758         2.90986
       9         2.65607      0.00184143         2.60418
      10         2.37175      0.00165024         2.33379
      11         2.12123      0.00148225         2.09621
      12         1.90219      0.00133032         1.88135
      13         1.70598      0.00119712         1.69298
      14         1.53934      0.00108241         1.53075
      15         1.38286     0.000973378         1.37656
