100
16
0.5
custom
1

0.999689
0.952174
0.871412
0.785515
0.703407
0.628329
0.56117
0.50178
0.449569
0.403788
0.36367
0.328489
0.297591
0.2704
0.246411
0.225194
0.206375
0.189637
0.174707
0.161352
0.149373
0.1386
0.128884
0.120099
0.112136
0.104901
0.098312
0.092297
0.0867943
0.0817495
0.0771153
0.0728497
0.0689161

-0.515568
0.642063
0.0890772
0.0961793
0.729275
1.62464
-1.14901
-0.180882
-0.0534864
-0.488235
-1.62649
-2.59359
0.646658
-0.075915
0.289573
-2.82521
0.763414
-1.97017
1.35063
0.644233
0.692728
-0.112624
-0.854946
-1.01714
-0.940075
-1.20285
-0.103096
-0.881211
0.808747
-1.52199
-1.37245
0.868111
-0.521572
-0.530122
0.704385
-0.205792
0.664853
1.69426
-1.95382
0.762683
0.756726
-0.401851
0.874701
2.05749
-1.29698
3.17349
-1.05333
-0.667557
1.20118
1.04528
1.75232
0.257637
2.8392
1.40766
0.0456067
-1.34633
-0.0677138
2.86954
0.112557
-0.255733
-1.24385
0.851649
0.907993
1.22252
0.0563757
-0.839709

   batch        P accept         n0 mean            +/-     n0 std dev          E mean            +/-      E std dev          P mean            +/-      P std dev
   total        0.499534             4.9     0.00326821        4.62194         12600.1       0.740171        1046.76        0.151701      0.0802825        113.537

    mode      occupation             +/-         std dev
     -16         1.34877     0.000948557         1.34146
     -15          1.4842      0.00104144         1.47282
     -14         1.63426      0.00114621         1.62099
     -13         1.80389      0.00126293         1.78606
     -12         1.98811      0.00138892         1.96424
     -11         2.20426      0.00153221         2.16688
     -10          2.4324      0.00168454         2.38229
      -9         2.68558      0.00185897         2.62898
      -8          2.9803      0.00205515         2.90642
      -7          3.2732      0.00224312         3.17225
      -6         3.59625      0.00245213         3.46784
      -5         3.90532      0.00265037         3.74818
      -4         4.22218      0.00285043         4.03112
      -3         4.46306      0.00300212         4.24564
      -2         4.71254       0.0031466         4.44996
      -1         4.81438      0.00321274          4.5435
       0             4.9      0.00326821         4.62194
       1         4.82657      0.00321671         4.54911
       2         4.67159      0.00311834            4.41
       3         4.48859      0.00301424         4.26278
       4         4.20443      0.00284338         4.02114
       5          3.9101      0.00265093         3.74897
       6          3.5826      0.00244141         3.45267
       7          3.2835      0.00225783         3.19305
       8         2.98544      0.00205508         2.90633
       9         2.69592      0.00186265         2.63419
      10         2.44077      0.00169503         2.39713
      11         2.20486      0.00153668         2.17319
      12         1.99104      0.00139375         1.97106
      13         1.79745      0.00125975         1.78155
      14         1.63192      0.00114205         1.61511
      15         1.48275       0.0010412         1.47248
      16         1.35379     0.000953141         1.34794
