100
17
0.5
custom
1

0.999689
0.952174
0.871412
0.785515
0.703407
0.628329
0.56117
0.50178
0.449569
0.403788
0.36367
0.328489
0.297591
0.2704
0.246411
0.225194
0.206375
0.189637
0.174707
0.161352
0.149373
0.1386
0.128884
0.120099
0.112136
0.104901
0.098312
0.092297
0.0867943
0.0817495
0.0771153
0.0728497
0.0689161
0.065282
0.0619187

0.423822
0.00137956
-1.77698
-0.0460274
1.19749
1.14995
-1.23653
-1.51627
-0.132074
-0.610671
-0.989557
0.972065
-0.266929
-0.218992
1.41063
-1.64759
1.04098
0.663698
0.831648
0.10809
0.900788
-2.55682
2.14793
1.47526
0.70914
2.7358
1.10948
0.31779
-1.9804
0.0776334
-0.293066
0.575973
-0.731799
-0.588676
1.08861
0.363849
0.181369
0.582186
-0.174797
-0.35676
1.47721
-1.92044
-1.10809
-1.16072
1.32011
0.148881
-1.19889
-1.49418
-1.84625
3.11407
1.24937
2.85216
-0.645629
0.365792
0.0698087
0.607389
0.273524
-0.839965
-0.939069
-1.7199
-0.663453
-2.10961
0.522036
0.0245962
0.301588
-0.790125
-0.158106
-1.0641
0.808934
0.510108

   batch        P accept         n0 mean            +/-     n0 std dev          E mean            +/-      E std dev          P mean            +/-      P std dev
   total        0.499878         4.48799     0.00301114         4.2584           13525       0.812111         1148.5       -0.282775      0.0841144        118.956

    mode      occupation             +/-         std dev
     -17         1.32401      0.00093334         1.31994
     -16         1.44112      0.00101081          1.4295
     -15         1.57463      0.00110145         1.55768
     -14         1.71356      0.00119644         1.69203
     -13         1.87485      0.00130911         1.85137
     -12         2.05875      0.00143426         2.02835
     -11         2.25538      0.00156731         2.21651
     -10         2.46926      0.00170871         2.41648
      -9         2.71163      0.00186865         2.64267
      -8         2.95435      0.00202886         2.86924
      -7         3.22075      0.00220382         3.11667
      -6         3.49071      0.00237414         3.35754
      -5         3.72892      0.00252841         3.57572
      -4         3.96287      0.00268449         3.79644
      -3         4.18859      0.00281915         3.98688
      -2         4.35842      0.00292284         4.13353
      -1         4.45057      0.00298104         4.21583
       0         4.48799      0.00301114          4.2584
       1         4.44485      0.00296585         4.19434
       2         4.35854      0.00293122         4.14537
       3         4.17546      0.00281571         3.98202
       4         3.96574      0.00268128          3.7919
       5         3.73136      0.00253064         3.57887
       6         3.47519      0.00236988         3.35152
       7         3.21384      0.00220339         3.11607
       8         2.94847      0.00202702         2.86663
       9          2.7062       0.0018667         2.63991
      10         2.47558      0.00171243         2.42174
      11         2.25622      0.00156979         2.22001
      12         2.06023      0.00143725         2.03258
      13         1.87861      0.00131279         1.85656
      14         1.71774      0.00120161         1.69934
      15         1.56795      0.00109952         1.55496
      16         1.43555      0.00100859         1.42636
      17         1.32211     0.000928461         1.31304
