100
18
0.5
custom
1

0.999689
0.952174
0.871412
0.785515
0.703407
0.628329
0.56117
0.50178
0.449569
0.403788
0.36367
0.328489
0.297591
0.2704
0.246411
0.225194
0.206375
0.189637
0.174707
0.161352
0.149373
0.1386
0.128884
0.120099
0.112136
0.104901
0.098312
0.092297
0.0867943
0.0817495
0.0771153
0.0728497
0.0689161
0.065282
0.0619187
0.0588008
0.0559056

0.620571
-0.409625
-0.146515
-0.821488
-0.240825
-2.7088
0.0704993
-0.0423622
0.177047
0.594959
1.40072
0.592746
1.42695
2.85521
-1.29097
1.75586
2.80586
1.27388
0.60061
-1.34075
0.698274
-0.835338
0.0724854
0.303607
0.147464
0.0389556
-0.708844
-0.979611
-1.51396
1.65446
-0.374164
-0.825612
1.33053
-0.24873
-1.08224
-0.0285245
0.124459
0.825954
0.67253
-0.838914
1.15925
-0.804117
0.361784
-0.225852
0.383572
-1.68969
-0.934232
-1.06601
-0.403227
1.08372
0.372227
-1.51588
-0.200234
-1.2471
1.94886
-1.06865
-0.690909
-1.24788
2.96907
1.07294
1.83748
0.659113
1.21685
1.20693
1.0465
1.63324
-0.199282
-0.912358
-1.31055
1.89314
1.05528
1.07397
0.342189
0.135141

   batch        P accept         n0 mean            +/-     n0 std dev          E mean            +/-      E std dev          P mean            +/-      P std dev
   total          0.5002         4.15949     0.00279053         3.9464         14498.7       0.885804        1252.72       -0.107545      0.0878715        124.269

    mode      occupation             +/-         std dev
     -18          1.2864     0.000902639         1.27652
     -17         1.39473     0.000977113         1.38185
     -16          1.5112      0.00105788         1.49607
     -15         1.64026      0.00114875         1.62457
     -14         1.78238      0.00124461         1.76014
     -13         1.93719      0.00134891         1.90765
     -12         2.10732      0.00146495         2.07176
     -11         2.28177       0.0015833         2.23912
     -10         2.48537      0.00171733         2.42868
      -9         2.69242      0.00185173         2.61874
      -8         2.91172      0.00199748         2.82486
      -7         3.13482      0.00214386         3.03187
      -6         3.35646      0.00228446         3.23072
      -5         3.56548      0.00241646         3.41738
      -4         3.75883      0.00254124         3.59386
      -3         3.92359       0.0026482         3.74513
      -2         4.03277      0.00271111         3.83408
      -1         4.12021      0.00276542         3.91089
       0         4.15949      0.00279053          3.9464
       1         4.13515      0.00276976         3.91703
       2         4.02445      0.00270209         3.82133
       3         3.92488      0.00263042         3.71997
       4         3.75087      0.00253537         3.58556
       5         3.56112      0.00241829         3.41998
       6         3.35664      0.00228865         3.23663
       7         3.13674      0.00214053         3.02716
       8         2.91698      0.00200332         2.83312
       9         2.69632      0.00185353         2.62128
      10         2.48177      0.00171239         2.42168
      11         2.29076      0.00158633         2.24341
      12         2.09792      0.00145663         2.05998
      13         1.93112      0.00134732          1.9054
      14         1.77658      0.00124037         1.75415
      15         1.64066      0.00114758         1.62293
      16         1.51279      0.00105844         1.49686
      17         1.39439     0.000975899         1.38013
      18         1.28843     0.000903523         1.27777
