100
19
0.5
custom
1

0.999689
0.952174
0.871412
0.785515
0.703407
0.628329
0.56117
0.50178
0.449569
0.403788
0.36367
0.328489
0.297591
0.2704
0.246411
0.225194
0.206375
0.189637
0.174707
0.161352
0.149373
0.1386
0.128884
0.120099
0.112136
0.104901
0.098312
0.092297
0.0867943
0.0817495
0.0771153
0.0728497
0.0689161
0.065282
0.0619187
0.0588008
0.0559056
0.0532131
0.0507052

-0.0833123
0.848628
-0.905855
-0.848851
0.65215
0.825562
0.332721
-1.22885
0.164952
0.83567
1.03076
-0.109808
0.850398
1.43252
-0.659602
0.177447
-1.02772
0.00248718
0.309194
-1.1105
-1.87295
0.912606
0.540536
1.72977
-0.409367
2.21849
-0.0993303
0.463843
-0.664068
-0.318554
1.23967
-0.200479
-0.617221
0.331325
0.348636
-1.77153
-0.30205
-0.747553
-0.623316
-0.546156
-1.34381
1.49572
-0.979833
0.73557
-0.936675
-0.942987
1.51854
-0.583644
2.0282
-1.60754
0.554873
-1.85456
-1.22487
1.18476
2.22343
-0.416444
-1.1503
0.119738
-0.203327
-0.0414643
0.149225
-1.30308
3.80192
1.64681
-2.14996
1.50487
0.298537
-1.93121
2.01281
-0.940356
-0.944123
-0.899431
-0.51301
-0.413303
0.229425
0.893844
0.130287
-0.309488

   batch        P accept         n0 mean            +/-     n0 std dev          E mean            +/-      E std dev          P mean            +/-      P std dev
   total        0.499862         3.87557     0.00260728        3.68725         15523.9       0.963283        1362.29       -0.485026      0.0913398        129.174

    mode      occupation             +/-         std dev
     -19         1.25726     0.000881711         1.24693
     -18         1.35302     0.000948684         1.34164
     -17         1.45791      0.00102174         1.44496
     -16         1.57315      0.00110057         1.55644
     -15         1.69473      0.00118362         1.67389
     -14         1.82975      0.00127503         1.80317
     -13         1.97658      0.00137432         1.94359
     -12         2.12991       0.0014815         2.09516
     -11         2.30361      0.00159295         2.25276
     -10         2.46735      0.00170141         2.40616
      -9         2.65761      0.00182783         2.58494
      -8         2.85414      0.00194979         2.75742
      -7           3.035      0.00206937         2.92653
      -6         3.21579       0.0021881         3.09445
      -5          3.4094      0.00231776          3.2778
      -4         3.54602      0.00239659          3.3893
      -3         3.69795      0.00249467         3.52799
      -2         3.76855      0.00252587         3.57212
      -1         3.83942      0.00258492         3.65563
       0         3.87557      0.00260728         3.68725
       1         3.86051       0.0025852         3.65603
       2         3.78929      0.00254846         3.60407
       3         3.68516      0.00248445         3.51354
       4         3.55966       0.0024085         3.40613
       5         3.39345      0.00229906         3.25136
       6         3.21568       0.0021825         3.08652
       7         3.03797      0.00207917         2.94039
       8         2.84745       0.0019535         2.76267
       9         2.64905      0.00182044         2.57448
      10         2.46867      0.00169935         2.40324
      11         2.30127      0.00159407         2.25435
      12         2.12842      0.00147498         2.08593
      13         1.97335      0.00136677          1.9329
      14         1.82461      0.00127247         1.79955
      15         1.69379      0.00118258         1.67242
      16         1.56964      0.00109831         1.55325
      17         1.45315      0.00101509         1.43555
      18         1.35295     0.000947228         1.33958
      19         1.25322     0.000881388         1.24647
