100
20
0.5
custom
1

0.999689
0.952174
0.871412
0.785515
0.703407
0.628329
0.56117
0.50178
0.449569
0.403788
0.36367
0.328489
0.297591
0.2704
0.246411
0.225194
0.206375
0.189637
0.174707
0.161352
0.149373
0.1386
0.128884
0.120099
0.112136
0.104901
0.098312
0.092297
0.0867943
0.0817495
0.0771153
0.0728497
0.0689161
0.065282
0.0619187
0.0588008
0.0559056
0.0532131
0.0507052
0.0483658
0.0461806

-0.243751
0.644047
0.551849
-0.728292
-0.254103
0.610155
1.9157
0.523573
1.12625
-1.85297
-1.81166
1.5203
0.284173
-1.26447
-0.233923
-0.557832
-1.18778
0.93834
0.151603
0.687248
-0.365237
0.109797
-2.73484
-1.27314
1.90516
-1.43659
-0.341528
-0.554154
0.955079
-0.943627
-1.09242
-1.34931
-1.28465
0.746027
1.19706
0.569521
-0.127078
-0.317946
-0.396178
1.16142
0.585658
1.5561
-0.609295
0.238658
0.519504
0.364084
0.520756
-0.593302
1.49547
1.76063
-1.06261
-0.590257
-0.846658
-1.5243
-0.309277
-1.41919
-0.332733
-1.2337
0.811837
0.887727
0.529456
-1.18069
-2.64542
-0.152188
-2.25848
0.98691
0.97604
-1.73643
0.952392
-2.27574
-0.70769
-1.03743
0.373215
0.0313837
-0.869565
1.74402
0.485246
1.41836
-0.0441685
0.314672
0.421361
1.13514

   batch        P accept         n0 mean            +/-     n0 std dev          E mean            +/-      E std dev          P mean            +/-      P std dev
   total        0.499769         3.63662     0.00243816        3.44807         16610.2        1.04595        1479.19       0.0772436      0.0948499        134.138

    mode      occupation             +/-         std dev
     -20         1.22851      0.00086293         1.22037
     -19         1.31099     0.000918595         1.29909
     -18         1.40416     0.000982894         1.39002
     -17         1.50469       0.0010526          1.4886
     -16         1.61877      0.00113107         1.59958
     -15         1.73494      0.00120883         1.70954
     -14         1.86289      0.00129491         1.83127
     -13         2.00103      0.00138755         1.96229
     -12         2.13579      0.00148012         2.09321
     -11         2.28574      0.00157499         2.22737
     -10          2.4456      0.00167923          2.3748
      -9         2.61366      0.00179651         2.54065
      -8         2.77905      0.00190613         2.69567
      -7         2.93492      0.00200174         2.83089
      -6         3.09117      0.00210294           2.974
      -5         3.23219      0.00219275         3.10101
      -4         3.36774      0.00227358         3.21533
      -3         3.45823      0.00233775         3.30608
      -2         3.55575      0.00239651         3.38917
      -1         3.62179      0.00243982         3.45043
       0         3.63662      0.00243816         3.44807
       1         3.60495      0.00242858         3.43452
       2          3.5506      0.00239274         3.38384
       3         3.47204      0.00234989         3.32325
       4         3.37089      0.00228049         3.22509
       5         3.22988      0.00218102         3.08443
       6         3.09192      0.00209969          2.9694
       7         2.92043      0.00198936         2.81338
       8         2.77477      0.00189773          2.6838
       9         2.61025      0.00178947         2.53069
      10         2.45839      0.00169097          2.3914
      11         2.28593      0.00157851         2.23235
      12         2.13815      0.00148054          2.0938
      13          1.9933      0.00138317         1.95609
      14         1.85872      0.00129003         1.82437
      15         1.73726      0.00121009         1.71132
      16         1.62178      0.00113426         1.60409
      17         1.51003      0.00105716         1.49505
      18         1.40629     0.000985121         1.39317
      19         1.31297     0.000921244         1.30284
      20         1.22724     0.000862038         1.21911
