100
21
0.5
custom
1

0.999689
0.952174
0.871412
0.785515
0.703407
0.628329
0.56117
0.50178
0.449569
0.403788
0.36367
0.328489
0.297591
0.2704
0.246411
0.225194
0.206375
0.189637
0.174707
0.161352
0.149373
0.1386
0.128884
0.120099
0.112136
0.104901
0.098312
0.092297
0.0867943
0.0817495
0.0771153
0.0728497
0.0689161
0.065282
0.0619187
0.0588008
0.0559056
0.0532131
0.0507052
0.0483658
0.0461806
0.0441367
0.0422223

0.255433
-0.842868
0.736561
-1.66739
-0.469915
0.144217
0.83885
0.648612
-0.0223525
0.635357
-1.06585
-0.132641
0.749503
-0.863611
1.02373
-1.72216
2.27436
0.935553
-0.713737
0.628413
2.79642
0.634426
0.476307
0.821231
-1.41934
-0.150675
-1.21918
-0.164247
-0.45352
-0.493841
1.38653
0.571147
0.822282
1.40927
-1.47632
0.236061
-0.0950099
1.15281
0.232061
1.14833
-0.401559
-0.803685
-1.46815
-0.00306081
-1.56938
0.640338
-1.11138
-0.257453
0.617085
-0.704166
1.07013
-0.341672
-0.63982
-1.00041
2.74769
-0.187946
-0.0134474
-1.51304
0.383891
-0.30347
1.46763
-1.58403
1.88863
0.937552
2.74275
0.121938
0.435911
-0.443863
0.598425
0.422643
0.978985
1.41933
2.12146
-0.336967
-1.73601
0.89972
-1.30061
0.234322
0.471911
-1.3075
-1.35708
0.414218
-0.345064
-0.527111
0.54996
-1.24564

   batch        P accept         n0 mean            +/-     n0 std dev          E mean            +/-      E std dev          P mean            +/-      P std dev
   total        0.500002         3.38874     0.00228069        3.22539         17755.7        1.13013        1598.25       0.0698211      0.0984534        139.234

    mode      occupation             +/-         std dev
     -21         1.20057     0.000841379         1.18989
     -20         1.27538     0.000894994         1.26571
     -19         1.35795     0.000951367         1.34544
     -18         1.45269      0.00101545         1.43607
     -17         1.54679      0.00107945         1.52657
     -16          1.6523      0.00115095         1.62769
     -15          1.7597      0.00122196         1.72811
     -14         1.87951      0.00130458         1.84495
     -13         2.00825      0.00139102          1.9672
     -12         2.13845      0.00147907         2.09173
     -11         2.26619      0.00155894         2.20467
     -10         2.40913      0.00165419         2.33937
      -9         2.55981      0.00175375         2.48017
      -8         2.69584      0.00184628         2.61104
      -7         2.83434      0.00192994         2.72935
      -6         2.96068      0.00201362         2.84769
      -5         3.08335      0.00209085          2.9569
      -4         3.19697       0.0021694           3.068
      -3         3.28056      0.00221953         3.13889
      -2         3.34656      0.00225782         3.19304
      -1         3.39467      0.00228962         3.23802
       0         3.38874      0.00228069         3.22539
       1         3.40432      0.00229211         3.24153
       2         3.34928      0.00226389         3.20162
       3         3.28382      0.00221869          3.1377
       4         3.19569      0.00215334         3.04528
       5         3.07897      0.00209155         2.95789
       6         2.96827      0.00201676         2.85213
       7         2.82806      0.00192569         2.72334
       8         2.69417      0.00184445         2.60845
       9         2.54745      0.00174823         2.47237
      10          2.4086      0.00165954         2.34694
      11         2.27416      0.00156618         2.21491
      12         2.13956      0.00148067         2.09398
      13         2.00424      0.00139039         1.96631
      14         1.88623      0.00130918         1.85146
      15         1.75945       0.0012246         1.73185
      16         1.65195      0.00115229         1.62958
      17         1.55058      0.00108251         1.53091
      18         1.45136      0.00101734         1.43873
      19         1.36014     0.000950821         1.34466
      20          1.2763     0.000895558         1.26651
      21         1.19895     0.000840819          1.1891
