100
22
0.5
custom
1

0.999689
0.952174
0.871412
0.785515
0.703407
0.628329
0.56117
0.50178
0.449569
0.403788
0.36367
0.328489
0.297591
0.2704
0.246411
0.225194
0.206375
0.189637
0.174707
0.161352
0.149373
0.1386
0.128884
0.120099
0.112136
0.104901
0.098312
0.092297
0.0867943
0.0817495
0.0771153
0.0728497
0.0689161
0.065282
0.0619187
0.0588008
0.0559056
0.0532131
0.0507052
0.0483658
0.0461806
0.0441367
0.0422223
0.040427
0.0387414

1.45944
-0.84819
0.0719359
-0.479967
-0.490549
-0.992119
-0.68128
-0.37
1.06809
-0.229005
-0.547921
-1.91067
-0.656295
0.72877
0.0243517
-0.688052
-1.19831
-2.59967
-0.404729
-0.182792
0.651324
-0.507174
0.523792
2.16021
-1.31115
-1.46621
-1.41737
0.208041
1.35351
-0.0217397
0.265263
3.54073
-0.383858
-0.507338
-0.342521
2.96139
0.115786
-0.675792
0.544464
1.1423
0.340259
-0.150805
0.684209
-0.303014
-0.346904
-1.14022
-0.299417
-1.13597
0.643616
-0.17569
1.4525
0.277416
1.72733
0.679037
0.871709
-0.51197
-0.0792921
1.18528
0.404254
0.00547966
0.938828
-2.88203
0.0215533
0.719087
2.28945
-0.24277
-0.370554
1.05971
-0.661251
-0.493487
1.25638
-0.0763077
0.427856
1.13936
0.210232
0.937645
1.22354
1.21543
0.482026
0.328242
1.76745
-0.979199
-0.266553
-0.587682
-0.165272
-0.0915605
0.72864
-0.293206
-0.852873
0.685668

   batch        P accept         n0 mean            +/-     n0 std dev          E mean            +/-      E std dev          P mean            +/-      P std dev
   total        0.499957         3.20748      0.0021614        3.05668         18958.7         1.2175         1721.8        0.315941       0.101971        144.208

    mode      occupation             +/-         std dev
     -22          1.1701     0.000820775         1.16075
     -21         1.24032     0.000869349         1.22944
     -20         1.31843     0.000920719         1.30209
     -19         1.39892     0.000979136         1.38471
     -18          1.4849      0.00103686         1.46635
     -17         1.57763       0.0010998         1.55535
     -16         1.67737       0.0011666         1.64982
     -15         1.77577      0.00123324         1.74407
     -14         1.89075      0.00131043         1.85323
     -13         2.00288      0.00138585         1.95989
     -12         2.11884      0.00146384         2.07019
     -11         2.24797      0.00154819         2.18947
     -10         2.36204       0.0016217         2.29343
      -9         2.48327      0.00170296         2.40835
      -8         2.61724      0.00178918         2.53029
      -7         2.73074      0.00185959         2.62986
      -6          2.8435      0.00193147         2.73151
      -5          2.9484       0.0019994         2.82758
      -4         3.03306       0.0020574         2.90961
      -3         3.10719      0.00210229         2.97309
      -2         3.15758      0.00213365         3.01743
      -1         3.20226      0.00216021         3.05499
       0         3.20748       0.0021614         3.05668
       1         3.19467      0.00215518         3.04788
       2         3.15617       0.0021327         3.01609
       3         3.11156      0.00210726         2.98012
       4         3.04065      0.00205712         2.90921
       5         2.93144      0.00199355         2.81931
       6          2.8381      0.00192999         2.72942
       7         2.72902      0.00186435         2.63659
       8         2.61049      0.00178169         2.51969
       9         2.49628      0.00171033         2.41876
      10         2.37252      0.00162942         2.30434
      11         2.25326      0.00155074         2.19307
      12         2.12037      0.00146068         2.06571
      13         2.00994      0.00139019         1.96602
      14         1.89103      0.00131131         1.85447
      15         1.78107      0.00123763         1.75027
      16         1.67353        0.001165         1.64755
      17         1.57825      0.00109956         1.55502
      18         1.48683      0.00103741         1.46712
      19         1.40063      0.00097885          1.3843
      20         1.31547     0.000920172         1.30132
      21         1.24253     0.000869791         1.23007
      22         1.16959     0.000821784         1.16218
