100
23
0.5
custom
1

0.999689
0.952174
0.871412
0.785515
0.703407
0.628329
0.56117
0.50178
0.449569
0.403788
0.36367
0.328489
0.297591
0.2704
0.246411
0.225194
0.206375
0.189637
0.174707
0.161352
0.149373
0.1386
0.128884
0.120099
0.112136
0.104901
0.098312
0.092297
0.0867943
0.0817495
0.0771153
0.0728497
0.0689161
0.065282
0.0619187
0.0588008
0.0559056
0.0532131
0.0507052
0.0483658
0.0461806
0.0441367
0.0422223
0.040427
0.0387414
0.0371569
0.0356656

-1.05918
0.00413091
0.686244
-0.97516
-0.866072
-0.11411
1.97056
0.683528
1.40346
-1.29431
0.936121
-0.612386
-0.697358
-0.048804
-1.50745
-0.620724
-0.207126
1.23103
-0.896
0.644478
1.93424
-0.739738
-0.81664
0.469053
-0.648987
1.58161
-0.258641
-0.695792
-0.568705
-1.38466
-1.71591
-1.91144
0.892246
0.618343
1.95444
0.132552
-1.93301
0.961734
-0.323806
-0.00508989
-0.988289
-1.30887
1.51885
0.166972
-0.951906
0.141098
-0.27362
0.129442
0.119325
-1.14573
0.288221
0.954113
0.414341
0.0454127
1.297
0.172816
2.06542
1.24003
0.669599
-0.793443
0.0267709
1.85761
0.920321
1.84789
0.875285
0.16209
1.80307
0.0407889
0.0864511
0.46761
-0.660088
-0.0178286
-0.293153
-1.52144
-2.87548
0.132063
-0.971752
0.508844
-0.5898
-2.11468
-1.6302
-0.143636
0.700109
-0.354491
0.0918864
0.882582
0.075003
0.203795
-0.590316
0.912357
-0.795666
0.599867
-0.895799
0.942837

   batch        P accept         n0 mean            +/-     n0 std dev          E mean            +/-      E std dev          P mean            +/-      P std dev
   total        0.500252         3.02891     0.00204906         2.8978         20227.8        1.30797        1849.74       -0.311828       0.105181        148.748

    mode      occupation             +/-         std dev
     -23         1.14179      0.00080042         1.13196
     -22         1.20921     0.000846192          1.1967
     -21         1.27519     0.000892578          1.2623
     -20         1.34987     0.000942592         1.33303
     -19          1.4322     0.000999343         1.41328
     -18         1.51316      0.00105356         1.48996
     -17         1.60082      0.00111411         1.57558
     -16         1.69715      0.00117556         1.66249
     -15         1.78751       0.0012388         1.75193
     -14         1.88881      0.00130729         1.84878
     -13         1.99137      0.00137687         1.94719
     -12         2.10449      0.00144932         2.04965
     -11         2.20668      0.00151468         2.14208
     -10         2.31493      0.00158836         2.24628
      -9         2.42856       0.0016641          2.3534
      -8         2.53558      0.00173246         2.45007
      -7         2.62782      0.00179099         2.53284
      -6         2.73521      0.00186707         2.64044
      -5         2.81413      0.00191012         2.70131
      -4         2.89068      0.00195347         2.76263
      -3          2.9504      0.00199864          2.8265
      -2         2.99205      0.00202338          2.8615
      -1         3.02238      0.00204406         2.89074
       0         3.02891      0.00204906          2.8978
       1         3.02316      0.00204413         2.89084
       2         2.98533       0.0020218         2.85926
       3         2.94401      0.00199184         2.81689
       4         2.88961      0.00196121         2.77356
       5         2.81239      0.00191228         2.70438
       6         2.71819      0.00184919         2.61515
       7         2.62748      0.00179121         2.53316
       8         2.53745       0.0017332         2.45111
       9         2.42428      0.00165775         2.34441
      10         2.30957      0.00158566         2.24246
      11          2.2039      0.00151689          2.1452
      12         2.09525      0.00144649         2.04564
      13               2      0.00137689         1.94722
      14         1.88877      0.00130751          1.8491
      15         1.78952      0.00123803         1.75084
      16         1.69113      0.00117469         1.66127
      17         1.59699      0.00111252         1.57335
      18         1.51014      0.00105239         1.48831
      19         1.43069     0.000999821         1.41396
      20         1.35198     0.000945076         1.33654
      21         1.27512     0.000891415         1.26065
      22          1.2101     0.000848617         1.20012
      23         1.14606     0.000803768          1.1367
