100
24
0.5
custom
1

0.999689
0.952174
0.871412
0.785515
0.703407
0.628329
0.56117
0.50178
0.449569
0.403788
0.36367
0.328489
0.297591
0.2704
0.246411
0.225194
0.206375
0.189637
0.174707
0.161352
0.149373
0.1386
0.128884
0.120099
0.112136
0.104901
0.098312
0.092297
0.0867943
0.0817495
0.0771153
0.0728497
0.0689161
0.065282
0.0619187
0.0588008
0.0559056
0.0532131
0.0507052
0.0483658
0.0461806
0.0441367
0.0422223
0.040427
0.0387414
0.0371569
0.0356656
0.0342606
0.0329355

-0.288204
-0.721426
1.14348
-0.273585
-0.478905
-1.23704
1.48896
-0.524076
0.660901
0.0167049
-1.05293
-2.65248
0.631924
-0.141242
-2.69893
0.270101
-0.132912
0.523524
-1.56506
-0.93429
1.66092
1.6891
0.837968
0.401556
-1.62497
0.157302
-1.4203
1.96965
0.337135
-0.830788
-0.446581
0.716591
-0.82904
0.562669
1.11126
-0.802643
-0.217107
0.115434
-1.19814
0.814133
0.766927
-1.07535
-1.08583
-0.275824
-0.448021
0.610748
0.755618
0.272812
1.32631
-0.98428
0.831584
-0.0251287
0.00176761
0.311663
0.553559
-0.431
-0.296334
0.370078
-0.420359
-1.26184
0.631501
0.089507
1.63477
-1.50614
0.520131
0.261169
0.353414
1.47396
0.142226
-0.188855
1.77887
-0.245105
0.0836656
-0.0673982
-1.6416
0.386436
0.731807
-1.35069
1.53072
1.65535
1.45324
-1.53488
-0.108535
-1.13772
0.512664
-1.44047
1.24886
-0.325308
2.47319
-0.94438
-0.587238
0.667431
0.323468
-0.792486
1.01431
-0.505907
-0.47895
-0.766247

   batch        P accept         n0 mean            +/-     n0 std dev          E mean            +/-      E std dev          P mean            +/-      P std dev
   total        0.500063         2.87277     0.00194281        2.74754         21558.2        1.40303        1984.18       0.0154569       0.108206        153.027

    mode      occupation             +/-         std dev
     -24         1.12353     0.000787475         1.11366
     -23         1.17991     0.000825677         1.16768
     -22         1.23918     0.000868378         1.22807
     -21         1.30621     0.000912107         1.28991
     -20         1.37788     0.000959364         1.35675
     -19         1.45248      0.00101242         1.43178
     -18         1.53023      0.00106501         1.50614
     -17         1.61198      0.00112095         1.58526
     -16         1.69913       0.0011794         1.66793
     -15         1.78872      0.00123651         1.74869
     -14          1.8768      0.00129459         1.83083
     -13         1.97182      0.00135994         1.92325
     -12         2.06473      0.00142084         2.00938
     -11          2.1663      0.00148851         2.10507
     -10         2.26245      0.00155118          2.1937
      -9         2.35112       0.0016092         2.27575
      -8          2.4498      0.00167552         2.36954
      -7         2.53473      0.00172713         2.44253
      -6         2.62038      0.00178581         2.52552
      -5         2.68957      0.00182393         2.57942
      -4         2.75588      0.00186969         2.64414
      -3           2.806      0.00189589         2.68119
      -2         2.83662      0.00191883         2.71364
      -1         2.86748      0.00193783          2.7405
       0         2.87277      0.00194281         2.74754
       1         2.85426      0.00193358         2.73449
       2         2.83522      0.00191681         2.71077
       3         2.81514       0.0019025         2.69053
       4          2.7526      0.00186587         2.63873
       5         2.70121      0.00183449         2.59436
       6         2.61809      0.00178107         2.51882
       7         2.52957      0.00172448         2.43878
       8         2.45082      0.00167125         2.36351
       9          2.3598      0.00161685         2.28657
      10         2.26072      0.00154561         2.18582
      11         2.16011      0.00148327         2.09767
      12         2.07374      0.00142602          2.0167
      13         1.96765      0.00135965         1.92284
      14         1.87765      0.00129897         1.83702
      15          1.7885      0.00124059         1.75446
      16         1.69993      0.00117913         1.66754
      17         1.61022      0.00112006           1.584
      18         1.53309       0.0010673         1.50939
      19         1.45161      0.00101029         1.42877
      20         1.37793     0.000962678         1.36143
      21         1.31038     0.000916688         1.29639
      22         1.24275     0.000869947         1.23029
      23         1.17667     0.000823145          1.1641
      24         1.11666     0.000782612         1.10678
