100
25
0.5
custom
1

0.999689
0.952174
0.871412
0.785515
0.703407
0.628329
0.56117
0.50178
0.449569
0.403788
0.36367
0.328489
0.297591
0.2704
0.246411
0.225194
0.206375
0.189637
0.174707
0.161352
0.149373
0.1386
0.128884
0.120099
0.112136
0.104901
0.098312
0.092297
0.0867943
0.0817495
0.0771153
0.0728497
0.0689161
0.065282
0.0619187
0.0588008
0.0559056
0.0532131
0.0507052
0.0483658
0.0461806
0.0441367
0.0422223
0.040427
0.0387414
0.0371569
0.0356656
0.0342606
0.0329355
0.0316843
0.0305019

1.22661
-0.762121
0.000672874
-0.456034
2.29742
-0.356244
-0.671425
1.18036
-0.422827
-0.319815
-1.4791
-0.100863
0.000953463
-1.07703
-0.0251462
-0.863409
-0.612055
0.0730279
1.837
-1.37587
-0.302384
-0.838241
-1.12156
-0.121159
-2.14723
0.728111
-0.448359
0.782171
-0.0269432
-0.931826
1.00016
-0.156317
-0.63063
-0.420772
-0.195153
-0.318878
-0.878875
-2.69651
2.25251
-0.0302446
0.0636774
-2.10887
0.552343
-0.246384
-0.795121
0.453069
0.440394
-0.451351
0.387897
0.850759
-0.253562
-0.197729
-0.525262
-0.132852
0.794338
0.020486
-0.383987
-0.317107
0.181457
0.67862
-2.01271
-1.13707
-0.26091
0.984044
-1.49246
-0.697201
0.358853
0.287952
-0.721648
0.540103
1.68131
-1.73716
0.774679
1.7387
-0.817787
-2.12646
-0.983414
0.542492
0.72644
0.457156
0.558719
-2.86753
0.887086
0.305287
-0.594088
1.65819
0.787672
0.404319
-1.16215
0.273467
0.488476
0.164681
-0.573065
-0.647964
0.202902
1.43803
-1.0115
-0.463029
0.438088
-1.19725
0.21271
-0.670285

   batch        P accept         n0 mean            +/-     n0 std dev          E mean            +/-      E std dev          P mean            +/-      P std dev
   total        0.500329         2.72088     0.00184214        2.60519         22965.9        1.50223        2124.47       0.0597639       0.111645        157.889

    mode      occupation             +/-         std dev
     -25         1.09556     0.000769022         1.08756
     -24         1.14908     0.000805278         1.13883
     -23         1.20782     0.000845121         1.19518
     -22         1.26985     0.000887453         1.25505
     -21         1.33442     0.000931891         1.31789
     -20         1.40145     0.000977234         1.38202
     -19         1.47324      0.00102471         1.44916
     -18         1.54168      0.00106997         1.51316
     -17         1.61811      0.00112154          1.5861
     -16         1.69838      0.00117697         1.66448
     -15         1.78227      0.00123307         1.74382
     -14         1.86337       0.0012864         1.81924
     -13         1.94769      0.00134577          1.9032
     -12          2.0367      0.00139928         1.97888
     -11         2.12044      0.00145266         2.05438
     -10         2.20443      0.00151117         2.13711
      -9         2.28553      0.00155967          2.2057
      -8         2.36597      0.00161608         2.28548
      -7         2.44232      0.00166697         2.35745
      -6         2.51196      0.00171019         2.41857
      -5         2.57174      0.00174838         2.47258
      -4         2.63361      0.00178822         2.52893
      -3         2.66365      0.00180506         2.55274
      -2         2.70643      0.00183456         2.59446
      -1         2.71131      0.00183848             2.6
       0         2.72088      0.00184214         2.60519
       1         2.71867      0.00184289         2.60624
       2         2.70059      0.00182775         2.58482
       3         2.66209      0.00181069          2.5607
       4         2.62843      0.00178686         2.52701
       5         2.57255      0.00174945          2.4741
       6         2.50823      0.00170422         2.41013
       7         2.44394      0.00166271         2.35143
       8         2.36829      0.00161726         2.28716
       9         2.28326      0.00156404         2.21188
      10         2.21054      0.00151674           2.145
      11         2.12352      0.00145557         2.05849
      12         2.03789      0.00140117         1.98155
      13         1.94966      0.00134582         1.90327
      14         1.86609      0.00128843         1.82211
      15         1.77666      0.00122881          1.7378
      16         1.70278      0.00117907         1.66745
      17         1.61947      0.00112288         1.58799
      18         1.54676      0.00107626         1.52206
      19          1.4696      0.00102146         1.44456
      20         1.39794      0.00097336         1.37654
      21          1.3305     0.000928336         1.31287
      22         1.27432      0.00089066         1.25958
      23         1.20759     0.000843355         1.19268
      24         1.14813      0.00080417         1.13727
      25         1.09462     0.000767229         1.08502
