100
4
0.5
custom
1

0.999689
0.952174
0.871412
0.785515
0.703407
0.628329
0.56117
0.50178
0.449569

-0.126554
0.834189
0.0761754
-2.40053
-6.9007
1.21405
-1.03505
0.849004
1.32807
1.56459
-0.612045
-0.305211
1.87376
5.25824
-2.1357
1.25663
0.79312
0.158146

   batch        P accept         n0 mean            +/-     n0 std dev          E mean            +/-      E std dev          P mean            +/-      P std dev
   total        0.499988          69.304     0.00294278        20.8086         5217.92      0.0113745        80.4295        -1.48528     0.00298984        21.1414

    mode      occupation             +/-         std dev
      -4        0.769996     0.000111254        0.786683
      -3          1.3891     0.000199527         1.41087
      -2         3.04227     0.000462595         3.27104
      -1         10.7649      0.00191863         13.5668
       0          69.304      0.00294278         20.8086
       1         9.70951      0.00156649         11.0768
       2          2.9137     0.000427199         3.02075
       3         1.35151     0.000191586         1.35472
       4        0.755006     0.000108415        0.766607
