100
5
0.5
custom
1

0.999689
0.952174
0.871412
0.785515
0.703407
0.628329
0.56117
0.50178
0.449569
0.403788
0.36367

-0.351941
0.133187
1.11318
0.526218
-1.60419
4.61709
1.97607
-1.31249
-0.149122
0.396468
-0.743249
-0.124315
-2.1392
0.916965
-1.08939
2.46492
-6.41349
-3.21508
-0.0776112
0.0465177
1.96511
0.239674

   batch        P accept         n0 mean            +/-     n0 std dev          E mean            +/-      E std dev          P mean            +/-      P std dev
   total        0.500432         49.3704      0.0177789        25.1431         5454.24       0.104202        147.364       -0.921506      0.0260663        36.8633

    mode      occupation             +/-         std dev
      -5        0.956281     0.000691186        0.977484
      -4         1.44329      0.00104114          1.4724
      -3         2.48068      0.00181812         2.57121
      -2         5.17352      0.00389033         5.50175
      -1         15.6111       0.0116922         16.5353
       0         49.3704       0.0177789         25.1431
       1         15.0988       0.0114354         16.1721
       2         4.99844       0.0037239         5.26638
       3         2.48081      0.00183673         2.59753
       4         1.43835      0.00103582         1.46487
       5        0.948339     0.000682487        0.965182
