100
6
0.5
custom
1

0.999689
0.952174
0.871412
0.785515
0.703407
0.628329
0.56117
0.50178
0.449569
0.403788
0.36367
0.328489
0.297591

1.49788
-0.854395
0.854368
0.591763
2.18419
1.86585
4.70136
1.68748
-0.261222
-1.38241
-1.95084
-0.362197
0.795475
-0.20008
-1.00513
-1.29043
0.716919
1.96946
0.893354
-5.97857
2.66611
1.04094
-0.91821
1.28846
-1.33663
0.252034

   batch        P accept         n0 mean            +/-     n0 std dev          E mean            +/-      E std dev          P mean            +/-      P std dev
   total        0.499496         31.0773      0.0154775        21.8884         5828.93       0.163107        230.668         1.46116       0.035554        50.2809

    mode      occupation             +/-         std dev
      -6         1.15715     0.000829422         1.17298
      -5         1.60751      0.00116663         1.64986
      -4         2.40553      0.00175779         2.48589
      -3         3.89633      0.00284217         4.01943
      -2         7.48413      0.00540744         7.64727
      -1         17.4589       0.0115682         16.3599
       0         31.0773       0.0154775         21.8884
       1         18.0094       0.0117768         16.6548
       2         7.70856      0.00566744         8.01497
       3         3.98541      0.00292091         4.13079
       4         2.42181      0.00174622         2.46952
       5         1.61761      0.00116557         1.64837
       6         1.17031      0.00083772         1.18472
