100
7
0.5
custom
1

0.999689
0.952174
0.871412
0.785515
0.703407
0.628329
0.56117
0.50178
0.449569
0.403788
0.36367
0.328489
0.297591
0.2704
0.246411

-0.481427
1.51772
-0.398969
0.138719
1.60864
-1.32159
-3.16653
1.74166
4.31953
0.372132
-1.79987
2.96534
0.229752
0.878901
1.00855
0.29079
-0.590367
1.26061
0.60369
-2.15501
-0.863888
-5.67148
1.46718
0.16926
1.27825
0.563086
0.722621
1.04813
1.05106
0.647533

   batch        P accept         n0 mean            +/-     n0 std dev          E mean            +/-      E std dev          P mean            +/-      P std dev
   total        0.500335         21.3117      0.0120461        17.0358         6310.44       0.221966        313.907        -1.17575      0.0410107        57.9978

    mode      occupation             +/-         std dev
      -7         1.34021     0.000955618         1.35145
      -6         1.75097      0.00125194         1.77051
      -5         2.40992      0.00172678         2.44203
      -4         3.48317       0.0024845         3.51361
      -3         5.48917      0.00391211         5.53255
      -2          9.1185      0.00634159         8.96836
      -1           16.18        0.010203         14.4292
       0         21.3117       0.0120461         17.0358
       1         15.4332      0.00985019         13.9303
       2         9.17891      0.00641443         9.07137
       3         5.33493      0.00382615         5.41099
       4         3.48518      0.00250681         3.54517
       5          2.3962      0.00171065         2.41922
       6         1.75432      0.00125894         1.78041
       7         1.33356       0.0009508         1.34463
