100
8
0.5
custom
1

0.999689
0.952174
0.871412
0.785515
0.703407
0.628329
0.56117
0.50178
0.449569
0.403788
0.36367
0.328489
0.297591
0.2704
0.246411
0.225194
0.206375

0.629184
-0.120285
-1.07992
0.388115
2.33793
-0.0606134
0.447904
1.81841
-0.779055
3.53751
1.26771
3.10625
-0.310457
-0.49926
-0.491065
0.784691
-1.51915
0.778744
-0.50314
-1.26327
-0.454612
-2.39659
3.61901
2.14105
-3.0265
2.96841
-1.18198
-0.328963
-3.3633
0.474267
1.32164
0.843596
0.50315
-1.26371

   batch        P accept         n0 mean            +/-     n0 std dev          E mean            +/-      E std dev          P mean            +/-      P std dev
   total        0.500623         15.3848      0.0092946        13.1445         6856.33       0.276563        391.119       -0.181997      0.0460647        65.1454

    mode      occupation             +/-         std dev
      -8         1.43785      0.00102368          1.4477
      -7         1.81297       0.0012895         1.82362
      -6         2.36114      0.00167477         2.36848
      -5         3.14453      0.00223204         3.15658
      -4         4.41721      0.00311047         4.39887
      -3         6.43034      0.00442857         6.26294
      -2         9.45214      0.00628466         8.88784
      -1         13.2784      0.00831971         11.7658
       0         15.3848       0.0092946         13.1445
       1          13.292      0.00840519         11.8867
       2         9.44468      0.00632801         8.94915
       3         6.37631      0.00445423         6.29923
       4         4.40297      0.00310774         4.39501
       5         3.16246       0.0022464         3.17689
       6         2.34764      0.00167061          2.3626
       7         1.81371      0.00129224         1.82751
       8         1.44092      0.00102389         1.44799
