100
9
0.5
custom
1

0.999689
0.952174
0.871412
0.785515
0.703407
0.628329
0.56117
0.50178
0.449569
0.403788
0.36367
0.328489
0.297591
0.2704
0.246411
0.225194
0.206375
0.189637
0.174707

1.31099
-1.02757
-1.15833
-0.931715
2.32028
0.0245383
-0.271247
0.719373
-1.50931
3.19104
-5.79885
0.139276
2.0415
1.82218
-1.08892
-0.216648
0.50702
0.0224556
-0.155315
-0.547771
1.47665
0.279351
0.526609
0.881689
0.764907
2.64447
2.67939
1.12297
0.404115
1.36699
-0.784411
-1.73667
-1.85994
-0.581745
0.0805159
0.785399
1.85088
-0.888255

   batch        P accept         n0 mean            +/-     n0 std dev          E mean            +/-      E std dev          P mean            +/-      P std dev
   total        0.499715         11.9199     0.00749234        10.5958         7444.23       0.330015        466.712        0.582461      0.0511074        72.2768

    mode      occupation             +/-         std dev
      -9         1.48894      0.00105291         1.48904
      -8         1.81874      0.00128712         1.82026
      -7         2.25993      0.00160039          2.2633
      -6         2.89211      0.00204908         2.89784
      -5         3.77326      0.00265693         3.75747
      -4         5.01313      0.00348314         4.92591
      -3         6.73692      0.00458865         6.48933
      -2         8.80463      0.00584498         8.26604
      -1         11.1554      0.00715606         10.1202
       0         11.9199      0.00749234         10.5958
       1         11.0641      0.00705329         9.97485
       2         9.01403      0.00598848         8.46899
       3         6.79572      0.00463969         6.56151
       4         5.02196      0.00349663         4.94498
       5         3.78263      0.00266208         3.76475
       6         2.89199      0.00204195         2.88775
       7         2.25677      0.00159613         2.25726
       8         1.81831      0.00128674         1.81973
       9         1.49146      0.00105795         1.49616
