-0.00608391957147719 0.15224385988681763
-0.008845275997307936 0.11815514314558681
-0.01237909100222066 0.09574248112509498
-0.016710931898187262 0.08008257698021612
-0.0216247654046833 0.06930549300768009 
-0.027627166011510197 0.06066974120083114
-0.03403950881209814 0.05440248914057713
-0.04147165477057266 0.049247238064133315
-0.05040374624373812 0.044683698960952124
-0.059051629803439996 0.04141870848424486
-0.06966455228320499 0.03829494344585747
-0.0821470168102332 0.035461343173906285


