100
12
0.5
contact

0.110108
0.429662
1.23172
0.56111
-0.431047
-0.378185
-0.971859
-0.788348
0.560238
0.991725
1.69617
1.83639
-0.27324
-0.267621
-2.69981
0.245823
-0.999732
0.0168157
-0.0564829
-0.246931
-0.0112591
-0.948629
1.26808
-0.524837
-0.271011
-0.559015
-0.878533
-0.946239
1.30557
0.65448
3.8368
0.225415
-2.63543
0.463472
0.70933
0.657135
0.381947
-3.61684
0.096539
2.5535
0.561014
1.81193
4.75432
0.10066
0.458627
0.4444
1.58748
1.03852
-0.2372
-0.319738

Final quantities:
8.21408
7.43993
9946.41