100
15
0.5
contact

0.203391
0.715436
-0.873422
-0.0243195
-0.385865
-1.80252
-0.973312
1.0032
-0.17774
-0.433777
0.188519
3.29232
0.371781
2.78717
-1.55379
0.235531
-1.50764
-2.02915
-0.792138
0.261322
-0.695554
0.19192
-0.70709
-1.48704
0.422512
-1.75234
-0.284624
-0.538621
-0.597285
-0.406034
-0.772632
-1.48631
0.26008
0.880309
-1.62698
-0.607232
-0.085398
-1.18981
1.04397
-0.271147
-2.08477
0.86334
-0.993631
0.897635
1.67734
-1.50301
-0.284355
-2.32422
2.69027
-0.356475
-1.40278
3.03232
-1.80768
0.89462
-0.617984
1.66357
-0.18271
-1.72156
-0.0504629
-0.524898
-0.739959
-1.06875

Final quantities:
5.77909
5.3821
12748.1