100
16
0.5
contact

-0.319086
1.43041
-0.569247
0.43739
-0.29131
-1.3111
-0.203885
-1.67025
0.0650231
-1.24553
-2.63451
1.94427
-0.961652
-0.382181
-0.495189
-0.652009
-0.348693
0.864182
1.89394
1.8477
1.44225
-2.93385
-2.84166
1.44625
-0.101882
0.833584
-0.129255
-0.28191
-0.601692
0.157421
1.34662
-1.02674
0.37345
0.248867
1.6674
-1.13677
0.635983
0.979426
0.565126
-0.494703
0.631967
0.982936
-0.658311
-0.357475
2.25543
-0.666491
0.11314
2.78119
2.97223
0.528772
1.1632
-0.642824
-1.22874
-0.169843
-0.208833
2.12174
0.408372
0.545405
-1.71268
-0.437307
0.33044
0.348361
-1.04935
-0.0607569
-1.27999
-0.985183

Final quantities:
5.24094
4.96968
13756.6