100
17
0.5
contact

-1.81765
1.50836
-0.0448227
-0.369407
0.478571
1.14593
-0.628661
-1.76657
-0.243913
-0.841331
1.05967
1.78493
-0.935824
0.02234
0.73143
-0.550406
3.0133
0.987045
-1.3189
-0.30214
-0.0792102
-1.24292
-0.28862
-4.12494
0.554923
-1.15081
1.22505
0.165851
-0.131686
-0.129225
-1.76081
-1.92817
-0.452269
-1.27734
-0.016558
1.15411
0.882678
1.08339
-1.12419
-0.160722
-0.0221368
0.0274102
2.01385
0.453611
0.144075
-0.24134
2.34005
-0.725873
-0.150857
-0.258251
-3.1769
0.346611
-0.128385
-0.306844
1.19193
2.08074
-0.428249
-1.35752
-1.04137
-0.11547
0.529005
-0.175949
-0.194373
-1.08385
-0.997625
-0.832172
0.322712
-1.5808
-0.0225244
0.171687

Final quantities:
4.6243
4.33101
14830.1