100
18
0.5
contact

0.313863
-0.317163
-1.26364
-0.46944
-0.391538
-0.891111
-0.15283
-0.302851
-1.30199
1.64083
2.36137
1.45185
-0.335002
-2.19898
0.340813
-0.692564
0.752087
-1.20395
3.31024
-0.270728
-0.132032
-0.567123
0.18788
0.632845
0.29065
1.37956
-1.47521
-0.819984
0.496402
-1.30042
-0.0781258
-1.06852
-0.67476
-1.71234
-1.52869
-0.718099
0.0625631
-0.410676
-0.608423
0.184284
-0.797285
-0.838949
0.947666
2.14581
-0.281205
1.03279
-0.595081
0.25244
-0.844806
1.71671
0.235214
-3.01905
-0.494233
-0.581667
2.47124
-1.01417
-0.238622
-0.858573
0.302491
-2.34153
0.254289
-0.834823
0.702447
-0.597476
2.82294
-0.241425
0.132266
1.98082
-0.746281
-0.108311
0.888298
-0.0537106
0.666235
-0.197919

Final quantities:
4.23441
4.0321
15963.2