100
20
0.5
contact

-1.33003
-0.161934
0.600653
0.0621088
-0.463552
-0.471137
-0.378937
-1.49834
0.0321495
-0.695715
-1.5586
-1.48343
0.877123
-0.87197
0.431589
0.297634
-0.150258
1.37504
-0.39054
-0.63221
-1.9134
1.14576
-2.94081
0.0231114
1.12499
0.619092
0.718641
-1.81618
-0.971293
0.854248
-1.45798
0.754885
-0.239317
-1.014
0.313255
0.3185
1.10262
-1.05363
-0.146321
-0.0255688
0.398248
0.106639
0.114111
-2.26761
0.167264
-0.598042
1.61123
0.340311
0.463605
0.760617
0.536643
0.61885
-1.30285
-0.18874
1.17434
-2.29871
-0.0625124
0.607512
-2.27191
-1.94848
-0.0381374
-0.32019
-1.3477
2.94759
1.21201
-1.63123
0.145136
-0.478067
-1.0169
-1.58895
-0.665338
1.59576
1.52185
0.660508
0.159567
1.16677
-1.03489
-0.905665
0.731469
-0.799853
-0.915626
-1.16087

Final quantities:
3.68003
3.55435
18333.6