100
22
0.5
contact

0.554438
0.570059
-0.721794
-0.115024
-1.01669
-0.00542511
-0.779301
0.139402
-0.316842
-1.44269
-1.01771
-0.148877
-0.332812
-1.88889
-0.414908
0.316269
-0.648507
1.24673
0.994838
-0.455488
-2.36976
0.0398869
0.00455543
0.22783
-0.33207
0.48419
-0.670511
0.517131
-0.193683
-0.755071
0.292312
0.618435
0.274052
0.917284
-1.43257
0.60297
0.849501
0.691052
-0.393284
-1.81068
-0.578497
-1.45312
-0.57054
1.00846
0.0083755
-0.899574
0.26049
0.228087
-0.677044
1.03886
0.990299
-0.522963
-0.180729
1.76926
0.655938
-0.573492
-1.5045
-1.08679
0.903285
-2.80258
2.08127
-0.362078
-2.27494
0.885151
-2.38901
1.00304
-1.57459
1.46068
-0.913959
-0.155074
1.61151
0.832903
1.04974
1.55524
-0.724539
2.36238
0.668028
-0.287486
-0.388308
-1.42726
1.01349
0.550802
-0.247247
2.18072
-0.751907
-0.752783
-0.809409
-0.565266
-0.518955
0.853032

Final quantities:
3.26812
3.10563
20957.1