100
23
0.5
contact

0.0632033
-0.372441
0.639813
0.647728
0.592602
0.981139
3.03957
0.884022
0.800016
0.667943
-1.37319
-0.284053
0.237805
0.265559
0.523158
-0.93523
-0.454666
-0.871234
-0.876798
-0.0319358
-0.637284
-0.955766
-0.912204
-1.18306
1.90694
-0.139928
1.45363
-0.851793
-0.10119
-3.65429
-0.823353
-0.34011
-0.614397
-0.706241
-0.309145
-0.57717
0.0926773
-0.530676
-0.306619
0.148901
-0.497663
-1.19677
-0.191617
-0.961693
0.907918
0.478387
0.89766
0.55558
0.0631799
0.806874
-0.537877
0.223008
0.31776
0.392854
-0.355443
-0.495415
2.1857
-0.778097
-1.28499
1.00576
-1.39188
1.37955
0.204037
0.140597
0.485214
-0.270296
1.92107
-0.0776868
0.692853
0.256603
-0.151758
-1.66874
-0.782871
3.66466
0.266798
-0.603786
-1.84206
-0.097986
-1.04153
0.434938
0.813447
-0.331957
0.0500359
0.0749413
-0.728969
0.703898
-0.276635
-1.57414
-0.638583
2.11586
-0.308367
-0.793802
-0.703139
0.598901

Final quantities:
3.06855
2.96922
22342.3