100
25
0.5
contact

-0.37417
1.13273
-0.48496
-0.310308
0.420135
0.782605
-0.0417151
0.604546
0.580988
1.45712
0.787747
0.687346
1.44585
-1.27119
-1.12066
0.589644
0.062502
0.210444
1.81608
-0.201784
1.86708
-1.94305
3.51997
1.83098
0.330991
-1.30111
-1.64592
-0.763392
-0.584834
1.76208
-0.15477
0.706978
0.694554
-0.797029
-0.223858
1.14695
0.755851
-0.484217
1.37546
-0.501494
0.19328
-0.11364
-1.96191
0.780921
-1.58252
-0.177787
1.3867
-0.268751
-1.01271
0.743791
-0.902353
0.154255
-1.6678
1.37263
-1.11255
0.386626
-0.118548
0.36133
-1.60314
0.728111
0.459627
0.214463
-0.768697
-0.753181
-0.513088
0.341704
-0.739104
0.540282
0.133743
-0.0965993
0.193911
-0.382514
-0.661132
0.365603
-0.52523
1.25323
-0.428085
0.227024
0.56695
-0.193168
0.528019
-0.701066
-2.6088
-1.78671
-0.884403
-0.635651
-0.423417
1.59027
-0.530269
-0.22834
0.836999
-0.57284
-0.353599
-0.249484
0.635023
-1.48957
-0.973306
0.850703
-0.0472433
0.42335
0.0227623
0.198023

Final quantities:
2.79984
2.68057
25293.2