100
17
-0.0108054
contact

-0.271032
-0.733331
-0.945779
0.518119
0.532527
0.511279
-0.621133
0.989335
-0.481039
-0.571713
0.582968
0.224514
-1.43498
-1.51646
0.814115
-0.598794
2.7457
0.445039
1.66806
-2.81164
-0.0563752
-1.02507
0.334938
2.7108
0.946422
-1.15515
0.135612
0.567943
0.825192
0.466581
0.529684
0.556229
-0.550914
-0.207526
-0.384926
0.45678
-0.384585
0.0601611
0.682599
-0.194324
-0.0436452
-1.38156
0.846041
0.109614
-1.9126
-0.0671446
2.38293
1.68161
0.285614
-0.546811
4.31877
1.48941
-1.50579
2.13482
-0.0182932
0.292719
-1.64898
-0.780586
0.0365376
0.859518
-2.54225
0.820174
-0.168086
0.443723
0.542899
-0.902815
-0.406438
1.15127
0.569579
-0.554276

   batch        P accept         n0 mean            +/-     n0 std dev          E mean            +/-      E std dev          P mean            +/-      P std dev
   total        0.500302         8.07708     0.00497719         7.0388         3817.88       0.471242        666.437        0.677897      0.0592186        83.7477
