100
10
-0.0108054
contact

-0.355545
0.016583
0.352632
-0.242154
0.831427
-0.68168
-0.176354
0.373515
-0.602749
3.27769
-2.22977
3.97097
-2.79808
3.30537
-0.648514
-0.0313397
-0.384009
-0.0498632
-0.0524969
-0.470214
-0.444876
-0.137782
0.457096
0.174919
-0.670739
0.0267595
-1.38082
1.27983
-1.47922
4.10614
-3.0017
3.03036
-0.576018
-1.23322
0.0723102
-1.09326
1.16519
-0.564186
0.535755
-0.087186
0.480652
0.135893

   batch        P accept         n0 mean            +/-     n0 std dev          E mean            +/-      E std dev          P mean            +/-      P std dev
   total        0.500423         24.9154     0.00596994        8.44277        -63.8587      0.0516913        73.1026      -0.0547679      0.0192852        27.2734
