100
11
-0.0108054
contact

-0.0656096
0.779844
-0.152803
0.0636421
-0.06973
-0.131565
0.432571
-0.876026
-0.725168
-0.794099
2.09008
-1.59183
1.42377
-0.58668
-1.06524
-1.27205
0.142711
-1.12036
0.903624
-0.386459
-0.601222
-0.292119
0.325221
0.343903
-0.811574
0.0582886
-0.0140992
0.132323
0.685059
-0.535047
0.994387
-2.08602
2.6955
-2.48347
6.95016
-2.05701
2.30384
-1.56062
-0.353221
0.236081
0.468562
0.811669
0.638818
0.414048
-0.386978
0.108916

   batch        P accept         n0 mean            +/-     n0 std dev          E mean            +/-      E std dev          P mean            +/-      P std dev
   total        0.499879         25.6927     0.00911359        12.8886         273.315      0.0981642        138.825        0.552265      0.0256664        36.2977
