100
12
-0.0108054
contact

0.163763
-0.398571
0.500384
-0.154768
-0.0646607
0.0143536
1.35784
-0.636433
0.481435
-0.330735
2.5417
1.68592
4.0805
-2.23755
-1.27895
0.913834
1.14245
0.155683
-0.816397
0.420516
-0.587073
-0.114872
0.0786196
0.421418
0.127371
0.525162
-0.216705
-0.399631
0.864328
0.0217764
1.13821
-0.150721
1.72522
-0.863426
0.0197499
-1.97233
-2.69025
-4.55236
-3.60922
1.09025
1.05393
1.69345
-0.783946
0.00808484
-1.73894
-0.489221
-0.385955
-0.315207
-0.312082
0.495237

   batch        P accept         n0 mean            +/-     n0 std dev          E mean            +/-      E std dev          P mean            +/-      P std dev
   total        0.500359         22.3019     0.00991162        14.0171         691.472       0.137348        194.239       -0.217331      0.0315518         44.621
