100
13
-0.0108054
contact

-0.380226
-0.286524
-0.314376
0.0103445
1.08055
0.0960988
-0.970884
-0.376276
0.823941
-2.59844
-1.1727
0.360371
-5.0372
-0.281887
-0.675725
-2.31637
1.94234
0.894127
0.737458
-0.81129
1.16565
1.32667
0.154184
-0.00110531
0.14154
0.784469
-0.162522
-0.3109
-0.452219
0.246242
0.691206
0.184245
0.249804
0.0851662
-0.436707
1.29487
1.48727
2.77961
2.61394
-0.0394477
1.30801
1.39269
1.9634
4.1004
-1.1665
1.16151
0.0664444
-0.260635
-0.116847
0.207762
-0.559462
-0.286202
-0.654413
0.245112

   batch        P accept         n0 mean            +/-     n0 std dev          E mean            +/-      E std dev          P mean            +/-      P std dev
   total        0.500028         17.7571     0.00898411        12.7054         1158.69       0.187879        265.701        0.277804      0.0374767             53
