100
14
-0.0108054
contact

0.173002
0.189806
-0.12396
0.78651
0.0152742
0.362649
-0.778274
-1.00946
-2.65079
-1.03402
2.50572
0.997183
0.338316
1.77806
3.98084
-0.781022
-1.49318
-1.00161
-1.55723
0.616249
1.6716
0.417248
0.88387
1.00158
0.467528
0.152859
-0.0460096
0.131997
0.181556
0.058504
0.524284
0.122563
0.655658
0.242762
0.284667
-1.4717
0.941626
0.38983
-0.408908
-0.187373
1.99653
1.60155
0.33003
-3.297
-4.14141
0.993758
1.84918
-1.45065
-0.519188
0.146274
0.346816
-0.921147
-1.57375
0.362101
0.232445
0.978831
0.606317
-0.804188

   batch        P accept         n0 mean            +/-     n0 std dev          E mean            +/-      E std dev          P mean            +/-      P std dev
   total        0.499796         13.7044     0.00760025        10.7484         1702.87       0.249329        352.604        0.154597      0.0433299        61.2777
