100
15
-0.0108054
contact

0.558732
-0.819204
0.199162
-0.78095
0.915612
0.00285086
-0.651692
-0.691148
-0.724438
-0.624217
-0.0847178
0.288585
0.724637
-0.22787
0.448117
3.369
-3.22031
-0.464304
1.13498
1.60628
0.20019
-0.799507
0.0773472
0.229328
-0.311066
0.408551
0.326595
0.193586
-0.592369
1.30728
0.631128
-0.395455
0.428102
-0.817693
0.174363
0.255897
1.54168
0.0705385
-1.11308
-0.379868
0.183432
1.64068
-2.44733
-2.36416
0.976575
-3.41359
2.43442
-2.77241
-2.29702
-3.12195
0.0966196
0.193863
-1.12517
-0.121994
0.35388
0.819452
1.16392
0.637744
0.241725
-0.707258
0.0074367
-0.758621

   batch        P accept         n0 mean            +/-     n0 std dev          E mean            +/-      E std dev          P mean            +/-      P std dev
   total        0.500204         11.3675     0.00654962        9.26256         2326.34       0.316408        447.469       0.0747898      0.0487098         68.886
