100
16
-0.0108054
contact

0.650768
-1.1731
0.609232
-0.449508
0.281832
0.206165
1.13827
0.225119
1.39781
1.22886
-0.448625
-0.490302
2.24898
0.121683
2.1715
2.22979
-1.06283
-1.83287
-1.72146
-0.0828964
0.486399
-0.49024
-0.460117
-0.18219
-0.0946451
-0.135466
-0.41525
0.617098
0.367678
0.481009
0.174592
1.39356
-0.308173
0.384006
-0.762776
-0.649858
-0.564601
0.378403
-0.767495
0.371923
0.356936
-0.0503669
-0.600639
-1.13544
0.887398
1.33767
-3.73085
-0.963529
0.456431
-0.324308
-3.48565
1.9939
4.16754
-1.49377
-1.7846
0.159164
-1.42413
0.381002
-0.0579523
0.450384
1.05868
0.0933413
-0.672687
-0.741841
0.991204
-0.0949938

   batch        P accept         n0 mean            +/-     n0 std dev          E mean            +/-      E std dev          P mean            +/-      P std dev
   total         0.50001         9.44619     0.00572343        8.09415         3026.82       0.392019        554.399       -0.171857      0.0540765        76.4757
